  0.000000E+00  0.422097E-01 -0.105592E-05  0.575496E-05  0.392406E-02  0.000000E+00  0.000000E+00 -0.149390E-06 -0.977567E-06
  0.000000E+00  0.421957E-01 -0.621080E-05  0.574895E-05  0.392061E-02  0.000000E+00  0.000000E+00  0.148993E-05 -0.604634E-05
  0.000000E+00  0.421494E-01 -0.225594E-04  0.574254E-05  0.391540E-02  0.000000E+00  0.000000E+00  0.239829E-05 -0.221558E-04
  0.000000E+00  0.420506E-01 -0.146767E-03  0.573634E-05  0.389910E-02  0.000000E+00  0.000000E+00  0.316093E-05 -0.142925E-03
  0.000000E+00  0.417278E-01 -0.384928E-03  0.572994E-05  0.386254E-02  0.000000E+00  0.000000E+00  0.150007E-05 -0.326580E-03
  0.666742E-04  0.418136E-01  0.987499E-02  0.978921E-05  0.429988E-02  0.170916E-01  0.440712E-07  0.189578E-04  0.105344E-01
  0.141635E-03  0.447894E-01  0.122383E-01  0.977829E-05  0.476671E-02  0.222769E-01  0.356497E-07  0.151298E-04  0.135895E-01
  0.109535E-03  0.496070E-01  0.929870E-02  0.571099E-05  0.508089E-02  0.174393E-01  0.230956E-07  0.129525E-04  0.106740E-01
  0.000000E+00  0.520318E-01  0.315862E-02  0.570482E-05  0.518344E-02  0.693954E-02  0.459927E-08 -0.489545E-06  0.417901E-02
  0.000000E+00  0.524729E-01 -0.493199E-03  0.569846E-05  0.518741E-02  0.490303E-03  0.493181E-09 -0.547060E-06  0.281131E-03
  0.000000E+00  0.524767E-01 -0.670055E-03  0.569231E-05  0.518515E-02  0.136874E-03  0.172001E-09 -0.113515E-06  0.489668E-04
  0.000000E+00  0.524337E-01 -0.616099E-03  0.565026E-05  0.514847E-02  0.470684E-05  0.615955E-11 -0.386084E-06 -0.273593E-04
  0.000000E+00  0.520726E-01 -0.453668E-03  0.564396E-05  0.514431E-02  0.000000E+00  0.000000E+00 -0.174165E-06 -0.736368E-05
  0.000000E+00  0.520299E-01 -0.399791E-03  0.563827E-05  0.514052E-02  0.000000E+00  0.000000E+00  0.520026E-06 -0.527352E-05
  0.000000E+00  0.519906E-01 -0.368716E-03  0.563198E-05  0.513606E-02  0.000000E+00  0.000000E+00  0.178186E-05 -0.463144E-05
  0.000000E+00  0.519325E-01 -0.417842E-03  0.562590E-05  0.512861E-02  0.000000E+00  0.000000E+00  0.349447E-05 -0.124646E-04
  0.000000E+00  0.518175E-01  0.807972E-03  0.561963E-05  0.514724E-02  0.220530E-02  0.494121E-08  0.200961E-05  0.143672E-02
  0.125156E-03  0.540683E-01  0.145127E-01  0.960074E-05  0.544760E-02  0.268463E-01  0.685054E-07  0.290208E-04  0.164738E-01
  0.138908E-03  0.561911E-01  0.150868E-01  0.959003E-05  0.614931E-02  0.283557E-01  0.453504E-07  0.191304E-04  0.172078E-01
  0.134277E-03  0.589779E-01  0.110818E-01  0.957933E-05  0.658781E-02  0.211538E-01  0.277574E-07  0.148617E-04  0.129335E-01
  0.508214E-04  0.624839E-01  0.350208E-02  0.559499E-05  0.674093E-02  0.874252E-02  0.546099E-08 -0.211602E-06  0.524971E-02
  0.000000E+00  0.631406E-01 -0.918829E-03  0.558875E-05  0.674729E-02  0.594502E-03  0.575222E-09 -0.552314E-06  0.337205E-03
  0.000000E+00  0.631577E-01 -0.108593E-02  0.558272E-05  0.674480E-02  0.172631E-03  0.208126E-09 -0.108049E-06  0.618378E-04
  0.000000E+00  0.631090E-01 -0.108562E-02  0.554148E-05  0.669712E-02  0.112903E-04  0.378375E-10 -0.391630E-06 -0.482214E-04
  0.000000E+00  0.626747E-01 -0.106934E-02  0.553530E-05  0.669172E-02  0.105763E-06  0.575791E-11 -0.169483E-06 -0.589617E-04
  0.000000E+00  0.626233E-01 -0.100312E-02  0.552972E-05  0.668680E-02  0.000000E+00  0.000000E+00  0.531380E-06 -0.656500E-04
  0.000000E+00  0.625760E-01 -0.917265E-03  0.552355E-05  0.668104E-02  0.000000E+00  0.000000E+00  0.180496E-05 -0.665449E-04
  0.000000E+00  0.625060E-01 -0.857258E-03  0.551759E-05  0.667168E-02  0.000000E+00  0.000000E+00  0.351146E-05 -0.692142E-04
  0.308798E-08  0.631467E-01  0.620741E-02  0.554037E-05  0.687639E-02  0.109755E-01  0.227927E-07  0.621368E-05  0.719302E-02
  0.136541E-03  0.680013E-01  0.187946E-01  0.945200E-05  0.735516E-02  0.348192E-01  0.892661E-07  0.405218E-04  0.211960E-01
  0.136605E-03  0.724163E-01  0.196668E-01  0.944236E-05  0.800572E-02  0.365884E-01  0.589459E-07  0.220194E-04  0.221749E-01
  0.136455E-03  0.763519E-01  0.147579E-01  0.943182E-05  0.852083E-02  0.276321E-01  0.365694E-07  0.167236E-04  0.168587E-01
  0.499795E-04  0.801530E-01  0.515555E-02  0.551347E-05  0.867132E-02  0.116701E-01  0.691986E-08  0.420943E-06  0.698452E-02
  0.000000E+00  0.807759E-01 -0.132774E-02  0.550732E-05  0.867510E-02  0.785114E-03  0.752093E-09 -0.549017E-06  0.443321E-03
  0.000000E+00  0.807703E-01 -0.154285E-02  0.550137E-05  0.867073E-02  0.224853E-03  0.263437E-09 -0.110085E-06  0.771866E-04
  0.000000E+00  0.807024E-01 -0.153443E-02  0.546074E-05  0.860941E-02  0.144351E-04  0.458313E-10 -0.403704E-06 -0.679430E-04
  0.000000E+00  0.801470E-01 -0.148937E-02  0.545464E-05  0.860246E-02  0.138549E-06  0.780289E-11 -0.170208E-06 -0.791940E-04
  0.000000E+00  0.800813E-01 -0.139657E-02  0.544915E-05  0.859614E-02  0.000000E+00  0.000000E+00  0.537290E-06 -0.882111E-04
  0.000000E+00  0.800207E-01 -0.127648E-02  0.544307E-05  0.858873E-02  0.000000E+00  0.000000E+00  0.181454E-05 -0.894139E-04
  0.000000E+00  0.799314E-01 -0.119173E-02  0.543719E-05  0.857675E-02  0.000000E+00  0.000000E+00  0.351243E-05 -0.930546E-04
  0.000000E+00  0.803454E-01  0.784011E-02  0.543113E-05  0.871285E-02  0.141032E-01  0.293684E-07  0.629834E-05  0.922035E-02
  0.134250E-03  0.814213E-01  0.219800E-01  0.927460E-05  0.993147E-02  0.416531E-01  0.106835E-06  0.414902E-04  0.252556E-01
  0.134105E-03  0.863494E-01  0.231220E-01  0.926426E-05  0.107652E-01  0.434140E-01  0.706217E-07  0.233675E-04  0.263673E-01
  0.133956E-03  0.947067E-01  0.183479E-01  0.925392E-05  0.112901E-01  0.342664E-01  0.459351E-07  0.168720E-04  0.209250E-01
  0.490641E-04  0.986479E-01  0.636208E-02  0.540734E-05  0.114480E-01  0.142391E-01  0.839425E-08  0.574973E-06  0.852225E-02
  0.000000E+00  0.993064E-01 -0.164438E-02  0.540131E-05  0.114507E-01  0.958739E-03  0.886949E-09 -0.570021E-06  0.542205E-03
  0.000000E+00  0.992929E-01 -0.190092E-02  0.539548E-05  0.114445E-01  0.279435E-03  0.319458E-09 -0.115559E-06  0.983897E-04
  0.000000E+00  0.992084E-01 -0.189153E-02  0.535563E-05  0.113636E-01  0.176810E-04  0.535917E-10 -0.416811E-06 -0.818649E-04
  0.000000E+00  0.985256E-01 -0.183369E-02  0.534965E-05  0.113544E-01  0.176228E-05  0.139348E-10 -0.169999E-06 -0.941810E-04
  0.000000E+00  0.984446E-01 -0.171889E-02  0.534407E-05  0.113458E-01  0.000000E+00  0.000000E+00  0.569481E-06 -0.106611E-03
  0.000000E+00  0.983676E-01 -0.156949E-02  0.533811E-05  0.113361E-01  0.000000E+00  0.000000E+00  0.188939E-05 -0.108074E-03
  0.000000E+00  0.982579E-01 -0.146578E-02  0.533234E-05  0.113208E-01  0.000000E+00  0.000000E+00  0.351663E-05 -0.112534E-03
  0.000000E+00  0.989129E-01  0.108124E-01  0.532640E-05  0.115019E-01  0.192725E-01  0.398657E-07  0.689178E-05  0.125699E-01
  0.131661E-03  0.100500E+00  0.270267E-01  0.909572E-05  0.129151E-01  0.512543E-01  0.131508E-06  0.416198E-04  0.310582E-01
  0.131519E-03  0.106272E+00  0.282907E-01  0.908557E-05  0.138748E-01  0.532720E-01  0.872711E-07  0.238056E-04  0.323174E-01
  0.131372E-03  0.115347E+00  0.222636E-01  0.907543E-05  0.143959E-01  0.418055E-01  0.561689E-07  0.175012E-04  0.254772E-01
  0.481177E-04  0.118792E+00  0.799742E-02  0.530305E-05  0.145029E-01  0.176691E-01  0.104884E-07  0.924212E-06  0.105651E-01
  0.000000E+00  0.119162E+00 -0.190048E-02  0.529713E-05  0.144976E-01  0.130238E-02  0.118065E-08 -0.429922E-06  0.752417E-03
  0.000000E+00  0.119093E+00 -0.242367E-02  0.529141E-05  0.144870E-01  0.327296E-03  0.366401E-09 -0.120655E-06  0.119479E-03
  0.000000E+00  0.118979E+00 -0.241423E-02  0.525233E-05  0.143845E-01  0.209800E-04  0.613619E-10 -0.428267E-06 -0.952321E-04
  0.000000E+00  0.118160E+00 -0.235278E-02  0.524647E-05  0.143730E-01  0.347486E-04  0.404825E-10 -0.165717E-06 -0.931617E-04
  0.000000E+00  0.118064E+00 -0.222517E-02  0.524118E-05  0.143624E-01  0.000000E+00  0.000000E+00  0.549416E-06 -0.134882E-03
  0.000000E+00  0.117975E+00 -0.202618E-02  0.523534E-05  0.143502E-01  0.000000E+00  0.000000E+00  0.184016E-05 -0.136773E-03
  0.000000E+00  0.117844E+00 -0.184766E-02  0.522968E-05  0.143313E-01  0.000000E+00  0.000000E+00  0.351133E-05 -0.142819E-03
  0.000000E+00  0.117665E+00  0.130961E-01  0.522385E-05  0.150586E-01  0.234670E-01  0.491351E-07  0.693976E-05  0.152747E-01
  0.129126E-03  0.123031E+00  0.328552E-01  0.892060E-05  0.160574E-01  0.621571E-01  0.160227E-06  0.408347E-04  0.377312E-01
  0.128987E-03  0.128398E+00  0.341117E-01  0.891065E-05  0.178598E-01  0.646082E-01  0.105277E-06  0.245222E-04  0.390944E-01
  0.128843E-03  0.133901E+00  0.255743E-01  0.890071E-05  0.186885E-01  0.483386E-01  0.656851E-07  0.178498E-04  0.294936E-01
  0.471913E-04  0.140100E+00  0.932995E-02  0.520095E-05  0.189373E-01  0.208247E-01  0.123000E-07  0.983418E-06  0.124670E-01
  0.000000E+00  0.141190E+00 -0.227704E-02  0.519515E-05  0.189425E-01  0.156404E-02  0.139430E-08 -0.442768E-06  0.908290E-03
  0.000000E+00  0.141180E+00 -0.289017E-02  0.518954E-05  0.189321E-01  0.412961E-03  0.451888E-09 -0.980642E-07  0.162582E-03
  0.000000E+00  0.141062E+00 -0.288729E-02  0.515121E-05  0.187982E-01  0.257090E-04  0.725623E-10 -0.443910E-06 -0.106581E-03
  0.000000E+00  0.140093E+00 -0.279961E-02  0.514546E-05  0.187835E-01  0.532216E-04  0.765992E-10 -0.176088E-06 -0.940509E-04
  0.000000E+00  0.139981E+00 -0.266011E-02  0.514028E-05  0.187698E-01  0.000000E+00  0.000000E+00  0.608910E-06 -0.153352E-03
  0.000000E+00  0.139875E+00 -0.242356E-02  0.513454E-05  0.187538E-01  0.000000E+00  0.000000E+00  0.200749E-05 -0.155492E-03
  0.000000E+00  0.139720E+00 -0.221703E-02  0.512900E-05  0.187302E-01  0.000000E+00  0.000000E+00  0.375211E-05 -0.162561E-03
  0.000000E+00  0.141338E+00  0.189988E-01  0.512328E-05  0.191783E-01  0.332486E-01  0.727959E-07  0.783455E-05  0.216046E-01
  0.122419E-03  0.143832E+00  0.380863E-01  0.874886E-05  0.212993E-01  0.723692E-01  0.186530E-06  0.411104E-04  0.438862E-01
  0.126503E-03  0.151199E+00  0.399897E-01  0.873910E-05  0.224899E-01  0.755123E-01  0.124751E-06  0.244645E-04  0.458033E-01
  0.126362E-03  0.160480E+00  0.308303E-01  0.872935E-05  0.234541E-01  0.581371E-01  0.794016E-07  0.182422E-04  0.354091E-01
  0.462828E-04  0.163937E+00  0.111081E-01  0.510082E-05  0.237965E-01  0.247405E-01  0.147268E-07  0.121929E-05  0.147903E-01
  0.000000E+00  0.165332E+00 -0.281907E-02  0.509513E-05  0.238000E-01  0.186838E-02  0.162955E-08 -0.448707E-06  0.108128E-02
  0.000000E+00  0.165310E+00 -0.356347E-02  0.508963E-05  0.237860E-01  0.494539E-03  0.530492E-09 -0.702052E-07  0.185780E-03
  0.000000E+00  0.165169E+00 -0.348120E-02  0.505204E-05  0.236178E-01  0.306738E-04  0.850274E-10 -0.460818E-06 -0.128520E-03
  0.000000E+00  0.164034E+00 -0.336824E-02  0.504640E-05  0.235992E-01  0.662054E-04  0.101908E-09 -0.184682E-06 -0.111598E-03
  0.000000E+00  0.163903E+00 -0.319813E-02  0.504131E-05  0.235820E-01  0.000000E+00  0.000000E+00  0.695783E-06 -0.184730E-03
  0.000000E+00  0.163779E+00 -0.290894E-02  0.503569E-05  0.235621E-01  0.000000E+00  0.000000E+00  0.225016E-05 -0.187280E-03
  0.000000E+00  0.163603E+00 -0.169472E-02  0.503025E-05  0.235473E-01  0.973419E-03  0.276104E-08  0.408814E-05  0.740576E-03
  0.000000E+00  0.164138E+00  0.224174E-01  0.502464E-05  0.247165E-01  0.394821E-01  0.870520E-07  0.970835E-05  0.253357E-01
  0.120062E-03  0.170093E+00  0.450813E-01  0.858042E-05  0.263696E-01  0.853062E-01  0.219637E-06  0.436558E-04  0.517476E-01
  0.124068E-03  0.177513E+00  0.469035E-01  0.857085E-05  0.283674E-01  0.885859E-01  0.146875E-06  0.258841E-04  0.536311E-01
  0.123929E-03  0.184761E+00  0.351610E-01  0.856129E-05  0.292138E-01  0.662611E-01  0.920062E-07  0.188968E-04  0.404124E-01
  0.453917E-04  0.188161E+00  0.128968E-01  0.500262E-05  0.300085E-01  0.283569E-01  0.170043E-07  0.120056E-05  0.169345E-01
  0.000000E+00  0.188127E+00 -0.296753E-02  0.499704E-05  0.300265E-01  0.211732E-02  0.183045E-08 -0.489382E-06  0.122950E-02
  0.000000E+00  0.188184E+00 -0.386007E-02  0.499164E-05  0.300122E-01  0.570932E-03  0.610526E-09 -0.683206E-07  0.223232E-03
  0.000000E+00  0.188043E+00 -0.386303E-02  0.495477E-05  0.298002E-01  0.349164E-04  0.950896E-10 -0.470978E-06 -0.144391E-03
  0.000000E+00  0.186753E+00 -0.375975E-02  0.494924E-05  0.297771E-01  0.773426E-04  0.120861E-09 -0.188720E-06 -0.123894E-03
  0.000000E+00  0.186673E+00 -0.307452E-02  0.494408E-05  0.297655E-01  0.682764E-03  0.123225E-08  0.104975E-05  0.321511E-03
  0.000000E+00  0.186773E+00 -0.248150E-02  0.493856E-05  0.297651E-01  0.126224E-02  0.288083E-08  0.244257E-05  0.612881E-03
  0.000000E+00  0.186702E+00 -0.162147E-02  0.493323E-05  0.297722E-01  0.172011E-02  0.527359E-08  0.414629E-05  0.132377E-02
  0.000000E+00  0.189843E+00  0.258694E-01  0.492773E-05  0.308231E-01  0.461170E-01  0.102382E-06  0.104732E-04  0.294939E-01
  0.121806E-03  0.194487E+00  0.507972E-01  0.841492E-05  0.333346E-01  0.973115E-01  0.251159E-06  0.435077E-04  0.589879E-01
  0.121675E-03  0.203014E+00  0.530823E-01  0.840554E-05  0.347040E-01  0.100558E+00  0.168547E-06  0.267366E-04  0.609451E-01
  0.121539E-03  0.208445E+00  0.393545E-01  0.839616E-05  0.369677E-01  0.745105E-01  0.104158E-06  0.195362E-04  0.453901E-01
  0.445162E-04  0.211491E+00  0.142807E-01  0.490613E-05  0.374231E-01  0.315718E-01  0.190682E-07  0.127752E-05  0.188777E-01
  0.000000E+00  0.213557E+00 -0.320976E-02  0.490065E-05  0.374313E-01  0.242201E-02  0.206620E-08 -0.500682E-06  0.141138E-02
  0.000000E+00  0.213579E+00 -0.426518E-02  0.489536E-05  0.374103E-01  0.631770E-03  0.681513E-09 -0.525110E-07  0.247815E-03
  0.000000E+00  0.213409E+00 -0.430242E-02  0.485920E-05  0.371459E-01  0.399219E-04  0.108862E-09 -0.484457E-06 -0.158542E-03
  0.000000E+00  0.211944E+00 -0.419649E-02  0.485378E-05  0.371170E-01  0.919101E-04  0.139298E-09 -0.197319E-06 -0.132671E-03
  0.000000E+00  0.211841E+00 -0.352077E-02  0.484889E-05  0.370985E-01  0.713449E-03  0.125096E-08  0.106519E-05  0.304655E-03
  0.000000E+00  0.212008E+00 -0.988022E-03  0.484348E-05  0.371348E-01  0.396840E-02  0.817998E-08  0.288411E-05  0.252148E-02
  0.000000E+00  0.213690E+00  0.706179E-02  0.483825E-05  0.373477E-01  0.160532E-01  0.421393E-07  0.485207E-05  0.105212E-01
  0.000000E+00  0.217301E+00  0.304135E-01  0.483286E-05  0.387084E-01  0.536387E-01  0.119262E-06  0.136071E-04  0.342438E-01
  0.115479E-03  0.222412E+00  0.578527E-01  0.825292E-05  0.413784E-01  0.110663E+00  0.285778E-06  0.453302E-04  0.670744E-01
  0.119332E-03  0.230938E+00  0.600812E-01  0.824371E-05  0.433230E-01  0.114292E+00  0.193091E-06  0.265701E-04  0.692246E-01
  0.119199E-03  0.237822E+00  0.448315E-01  0.823451E-05  0.453347E-01  0.849883E-01  0.120971E-06  0.194374E-04  0.517977E-01
  0.436592E-04  0.241768E+00  0.167293E-01  0.481167E-05  0.457991E-01  0.365543E-01  0.221307E-07  0.146575E-05  0.218458E-01
  0.000000E+00  0.243770E+00 -0.337693E-02  0.480631E-05  0.457973E-01  0.280056E-02  0.234264E-08 -0.513579E-06  0.163351E-02
  0.000000E+00  0.243751E+00 -0.460467E-02  0.480112E-05  0.457692E-01  0.766378E-03  0.798865E-09 -0.857452E-08  0.314422E-03
  0.000000E+00  0.243548E+00 -0.475795E-02  0.476565E-05  0.454457E-01  0.472186E-04  0.126663E-09 -0.494847E-06 -0.182778E-03
  0.000000E+00  0.241875E+00 -0.466423E-02  0.476034E-05  0.454100E-01  0.109847E-03  0.161749E-09 -0.201106E-06 -0.151265E-03
  0.000000E+00  0.241738E+00 -0.392351E-02  0.475554E-05  0.453844E-01  0.826796E-03  0.148299E-08  0.107365E-05  0.354159E-03
  0.000000E+00  0.241838E+00 -0.101851E-02  0.475023E-05  0.454037E-01  0.459588E-02  0.967422E-08  0.302536E-05  0.292232E-02
  0.000000E+00  0.242915E+00  0.134197E-01  0.474511E-05  0.461068E-01  0.269377E-01  0.703670E-07  0.527242E-05  0.175547E-01
  0.000000E+00  0.245237E+00  0.354962E-01  0.473981E-05  0.481190E-01  0.615080E-01  0.137171E-06  0.167036E-04  0.392359E-01
  0.117161E-03  0.251398E+00  0.673797E-01  0.809403E-05  0.508328E-01  0.124244E+00  0.322277E-06  0.474918E-04  0.752909E-01
  0.117035E-03  0.259489E+00  0.684357E-01  0.808500E-05  0.535002E-01  0.127861E+00  0.217604E-06  0.270614E-04  0.774409E-01
  0.116904E-03  0.267152E+00  0.510401E-01  0.807598E-05  0.551676E-01  0.943923E-01  0.136633E-06  0.193085E-04  0.576211E-01
  0.428186E-04  0.271980E+00  0.194790E-01  0.471904E-05  0.557474E-01  0.399541E-01  0.259048E-07  0.100849E-05  0.238935E-01
  0.000000E+00  0.272868E+00 -0.220673E-02  0.471377E-05  0.557487E-01  0.284736E-02  0.228894E-08 -0.716647E-06  0.164364E-02
  0.000000E+00  0.272893E+00 -0.339624E-02  0.470868E-05  0.557154E-01  0.858976E-03  0.896192E-09 -0.286023E-07  0.364929E-03
  0.000000E+00  0.272673E+00 -0.378343E-02  0.467390E-05  0.553216E-01  0.521886E-04  0.138929E-09 -0.511173E-06 -0.182022E-03
  0.000000E+00  0.270801E+00 -0.373139E-02  0.466869E-05  0.552782E-01  0.125256E-03  0.186292E-09 -0.206038E-06 -0.130179E-03
  0.000000E+00  0.270648E+00 -0.321288E-02  0.466398E-05  0.552462E-01  0.940866E-03  0.169839E-08  0.107271E-05  0.418401E-03
  0.000000E+00  0.270715E+00 -0.128763E-03  0.465878E-05  0.552977E-01  0.523249E-02  0.111596E-07  0.303593E-05  0.334160E-02
  0.000000E+00  0.270898E+00  0.144158E-01  0.465375E-05  0.563718E-01  0.305220E-01  0.814831E-07  0.506334E-05  0.198812E-01
  0.000000E+00  0.273891E+00  0.385676E-01  0.464856E-05  0.585693E-01  0.698103E-01  0.157718E-06  0.180604E-04  0.444788E-01
  0.114906E-03  0.279808E+00  0.703212E-01  0.793820E-05  0.613633E-01  0.129679E+00  0.395405E-06  0.305044E-04  0.777793E-01
  0.114782E-03  0.287109E+00  0.750032E-01  0.792934E-05  0.642031E-01  0.138484E+00  0.264105E-06  0.231125E-04  0.836843E-01
  0.114654E-03  0.294496E+00  0.558557E-01  0.792050E-05  0.660703E-01  0.102690E+00  0.164296E-06  0.164216E-04  0.626752E-01
  0.419943E-04  0.299371E+00  0.209232E-01  0.462818E-05  0.667038E-01  0.446314E-01  0.279558E-07  0.110226E-05  0.266527E-01
  0.000000E+00  0.300322E+00 -0.324224E-02  0.462302E-05  0.666989E-01  0.318269E-02  0.251589E-08 -0.724089E-06  0.183771E-02
  0.000000E+00  0.300336E+00 -0.453678E-02  0.461803E-05  0.666575E-01  0.958779E-03  0.995222E-09  0.679939E-08  0.411212E-03
  0.000000E+00  0.300092E+00 -0.492227E-02  0.458392E-05  0.661864E-01  0.585251E-04  0.157034E-09 -0.516603E-06 -0.196302E-03
  0.000000E+00  0.298031E+00 -0.482831E-02  0.457880E-05  0.661344E-01  0.142841E-03  0.207683E-09 -0.205573E-06 -0.137128E-03
  0.000000E+00  0.297860E+00 -0.414653E-02  0.457403E-05  0.660951E-01  0.115171E-02  0.214620E-08  0.124837E-05  0.575200E-03
  0.000000E+00  0.297910E+00 -0.808161E-03  0.456892E-05  0.661601E-01  0.585472E-02  0.124491E-07  0.335364E-05  0.370896E-02
  0.000000E+00  0.298089E+00  0.147224E-01  0.456399E-05  0.673367E-01  0.336184E-01  0.895680E-07  0.534791E-05  0.218975E-01
  0.000000E+00  0.300952E+00  0.416164E-01  0.455890E-05  0.697957E-01  0.771777E-01  0.174384E-06  0.196328E-04  0.491471E-01
  0.112689E-03  0.306818E+00  0.754740E-01  0.778509E-05  0.728330E-01  0.141348E+00  0.437930E-06  0.292478E-04  0.846791E-01
  0.112568E-03  0.313907E+00  0.803061E-01  0.777640E-05  0.759770E-01  0.150370E+00  0.293870E-06  0.221763E-04  0.907591E-01
  0.112442E-03  0.321251E+00  0.598475E-01  0.776773E-05  0.779522E-01  0.111325E+00  0.185085E-06  0.155826E-04  0.678808E-01
  0.411843E-04  0.326117E+00  0.223696E-01  0.453892E-05  0.786788E-01  0.487665E-01  0.311446E-07  0.124123E-05  0.291094E-01
  0.000000E+00  0.326922E+00 -0.407103E-02  0.453385E-05  0.786693E-01  0.351284E-02  0.278720E-08 -0.722092E-06  0.202125E-02
  0.000000E+00  0.326939E+00 -0.557033E-02  0.452896E-05  0.786196E-01  0.103238E-02  0.109364E-08  0.340402E-07  0.421053E-03
  0.000000E+00  0.326672E+00 -0.588130E-02  0.449550E-05  0.780639E-01  0.648963E-04  0.177454E-09 -0.518016E-06 -0.222597E-03
  0.000000E+00  0.324429E+00 -0.586923E-02  0.449049E-05  0.780026E-01  0.162309E-03  0.236037E-09 -0.200410E-06 -0.175298E-03
  0.000000E+00  0.324247E+00 -0.514329E-02  0.448596E-05  0.779558E-01  0.116099E-02  0.210699E-08  0.125387E-05  0.511877E-03
  0.000000E+00  0.324341E+00 -0.132834E-02  0.448096E-05  0.779921E-01  0.642966E-02  0.137520E-07  0.349010E-05  0.409351E-02
  0.000000E+00  0.324508E+00  0.155764E-01  0.447612E-05  0.792858E-01  0.368337E-01  0.985037E-07  0.562556E-05  0.239872E-01
  0.000000E+00  0.327289E+00  0.463828E-01  0.447113E-05  0.820106E-01  0.847776E-01  0.194300E-06  0.214860E-04  0.539403E-01
  0.110520E-03  0.333036E+00  0.794850E-01  0.763521E-05  0.851542E-01  0.149842E+00  0.496788E-06  0.242149E-04  0.893483E-01
  0.110401E-03  0.339743E+00  0.862476E-01  0.762669E-05  0.886432E-01  0.162589E+00  0.324291E-06  0.218973E-04  0.980861E-01
  0.110277E-03  0.347075E+00  0.644724E-01  0.761818E-05  0.907440E-01  0.120549E+00  0.202162E-06  0.154203E-04  0.735247E-01
  0.403914E-04  0.351976E+00  0.241092E-01  0.445153E-05  0.915890E-01  0.533027E-01  0.342221E-07  0.130029E-05  0.318054E-01
  0.000000E+00  0.352658E+00 -0.469248E-02  0.444657E-05  0.915737E-01  0.383869E-02  0.300407E-08 -0.720876E-06  0.220728E-02
  0.000000E+00  0.352681E+00 -0.629909E-02  0.444176E-05  0.915155E-01  0.115703E-02  0.120648E-08  0.580892E-07  0.479744E-03
  0.000000E+00  0.352397E+00 -0.665306E-02  0.440896E-05  0.908687E-01  0.709907E-04  0.190917E-09 -0.523661E-06 -0.245160E-03
  0.000000E+00  0.349977E+00 -0.658223E-02  0.440404E-05  0.907974E-01  0.176751E-03  0.254362E-09 -0.198262E-06 -0.185558E-03
  0.000000E+00  0.349785E+00 -0.580025E-02  0.439960E-05  0.907427E-01  0.126143E-02  0.229025E-08  0.126654E-05  0.559448E-03
  0.000000E+00  0.349919E+00 -0.165234E-02  0.439469E-05  0.907498E-01  0.697893E-02  0.149093E-07  0.350157E-05  0.444652E-02
  0.000000E+00  0.350119E+00  0.164624E-01  0.438995E-05  0.921537E-01  0.398532E-01  0.106621E-06  0.565447E-05  0.259513E-01
  0.000000E+00  0.352815E+00  0.503277E-01  0.438505E-05  0.951330E-01  0.921649E-01  0.213268E-06  0.218386E-04  0.586076E-01
  0.108392E-03  0.358490E+00  0.848964E-01  0.748821E-05  0.985147E-01  0.161084E+00  0.535756E-06  0.240021E-04  0.960074E-01
  0.108275E-03  0.364991E+00  0.921027E-01  0.747985E-05  0.102334E+00  0.174420E+00  0.350430E-06  0.221394E-04  0.105207E+00
  0.108154E-03  0.372323E+00  0.688411E-01  0.747151E-05  0.104542E+00  0.129189E+00  0.218440E-06  0.155037E-04  0.787986E-01
  0.396138E-04  0.377218E+00  0.257231E-01  0.436583E-05  0.105468E+00  0.573863E-01  0.373187E-07  0.139067E-05  0.342336E-01
  0.000000E+00  0.377832E+00 -0.519822E-02  0.436096E-05  0.105446E+00  0.417278E-02  0.326738E-08 -0.715918E-06  0.240186E-02
  0.000000E+00  0.377859E+00 -0.693061E-02  0.435625E-05  0.105379E+00  0.126331E-02  0.132663E-08  0.980567E-07  0.529766E-03
  0.000000E+00  0.377556E+00 -0.733298E-02  0.432407E-05  0.104634E+00  0.792432E-04  0.213091E-09 -0.520078E-06 -0.263685E-03
  0.000000E+00  0.374964E+00 -0.722000E-02  0.431925E-05  0.104552E+00  0.195928E-03  0.282072E-09 -0.190572E-06 -0.192462E-03
  0.000000E+00  0.374760E+00 -0.637750E-02  0.431490E-05  0.104488E+00  0.137437E-02  0.251345E-08  0.134406E-05  0.615358E-03
  0.000000E+00  0.374905E+00 -0.186965E-02  0.431008E-05  0.104496E+00  0.758790E-02  0.163209E-07  0.371022E-05  0.483733E-02
  0.000000E+00  0.375111E+00  0.175572E-01  0.430543E-05  0.106004E+00  0.429772E-01  0.115330E-06  0.590768E-05  0.279870E-01
  0.000000E+00  0.377692E+00  0.541338E-01  0.430063E-05  0.109197E+00  0.987624E-01  0.230800E-06  0.229710E-04  0.627621E-01
  0.106305E-03  0.383144E+00  0.900551E-01  0.734404E-05  0.112865E+00  0.171445E+00  0.575936E-06  0.230069E-04  0.102113E+00
  0.106190E-03  0.389583E+00  0.976886E-01  0.733585E-05  0.116880E+00  0.185816E+00  0.376514E-06  0.217703E-04  0.112044E+00
  0.106072E-03  0.396769E+00  0.730451E-01  0.732767E-05  0.119311E+00  0.137652E+00  0.233681E-06  0.153258E-04  0.839346E-01
  0.388511E-04  0.401670E+00  0.272584E-01  0.428178E-05  0.120247E+00  0.612650E-01  0.402660E-07  0.139230E-05  0.365408E-01
  0.000000E+00  0.402391E+00 -0.549415E-02  0.427700E-05  0.120215E+00  0.453418E-02  0.354294E-08 -0.703474E-06  0.261918E-02
  0.000000E+00  0.402399E+00 -0.739023E-02  0.427238E-05  0.120136E+00  0.135419E-02  0.141653E-08  0.106493E-06  0.571479E-03
  0.000000E+00  0.402071E+00 -0.780381E-02  0.424082E-05  0.119287E+00  0.837055E-04  0.226270E-09 -0.524537E-06 -0.275070E-03
  0.000000E+00  0.399310E+00 -0.771145E-02  0.423609E-05  0.119193E+00  0.210539E-03  0.301929E-09 -0.188092E-06 -0.201747E-03
  0.000000E+00  0.399085E+00 -0.667546E-02  0.423167E-05  0.119118E+00  0.161506E-02  0.306564E-08  0.144047E-05  0.803954E-03
  0.000000E+00  0.399202E+00 -0.200125E-02  0.422695E-05  0.119152E+00  0.818711E-02  0.176427E-07  0.382540E-05  0.517506E-02
  0.000000E+00  0.399341E+00  0.186003E-01  0.422239E-05  0.120749E+00  0.459080E-01  0.123286E-06  0.595621E-05  0.298967E-01
  0.000000E+00  0.401722E+00  0.576354E-01  0.421768E-05  0.124204E+00  0.105429E+00  0.247827E-06  0.230388E-04  0.669845E-01
  0.104255E-03  0.407128E+00  0.953028E-01  0.720239E-05  0.128075E+00  0.181965E+00  0.610790E-06  0.231819E-04  0.108354E+00
  0.104142E-03  0.413410E+00  0.102918E+00  0.719436E-05  0.132320E+00  0.196374E+00  0.401055E-06  0.218905E-04  0.118360E+00
  0.104026E-03  0.420454E+00  0.767755E-01  0.718633E-05  0.134888E+00  0.145142E+00  0.249239E-06  0.153593E-04  0.884623E-01
  0.381017E-04  0.425274E+00  0.285540E-01  0.419919E-05  0.135885E+00  0.648713E-01  0.431968E-07  0.158019E-05  0.387169E-01
  0.000000E+00  0.425985E+00 -0.666787E-02  0.419450E-05  0.135846E+00  0.500134E-02  0.389845E-08 -0.649452E-06  0.297442E-02
  0.000000E+00  0.425991E+00 -0.925498E-02  0.418998E-05  0.135755E+00  0.141355E-02  0.151606E-08  0.142443E-06  0.640156E-03
  0.000000E+00  0.425643E+00 -0.958568E-02  0.415903E-05  0.134796E+00  0.897704E-04  0.252553E-09 -0.512109E-06 -0.244117E-03
  0.000000E+00  0.422721E+00 -0.940345E-02  0.415439E-05  0.134690E+00  0.228665E-03  0.330662E-09 -0.174870E-06 -0.161247E-03
  0.000000E+00  0.422483E+00 -0.857695E-02  0.415020E-05  0.134605E+00  0.158221E-02  0.292358E-08  0.143821E-05  0.735013E-03
  0.000000E+00  0.422590E+00 -0.329185E-02  0.414557E-05  0.134651E+00  0.873857E-02  0.189589E-07  0.394337E-05  0.558790E-02
  0.000000E+00  0.422718E+00  0.196566E-01  0.414109E-05  0.136345E+00  0.489047E-01  0.131657E-06  0.620103E-05  0.318732E-01
  0.000000E+00  0.425002E+00  0.597119E-01  0.413647E-05  0.139958E+00  0.110245E+00  0.260511E-06  0.227749E-04  0.700440E-01
  0.102248E-03  0.430202E+00  0.100630E+00  0.706373E-05  0.144050E+00  0.191482E+00  0.646287E-06  0.222970E-04  0.113956E+00
  0.102137E-03  0.436303E+00  0.109035E+00  0.705585E-05  0.148541E+00  0.207297E+00  0.426314E-06  0.213660E-04  0.124917E+00
  0.102023E-03  0.443264E+00  0.814945E-01  0.704797E-05  0.151280E+00  0.153543E+00  0.264360E-06  0.150257E-04  0.935975E-01
  0.373682E-04  0.448062E+00  0.304183E-01  0.411834E-05  0.152340E+00  0.684698E-01  0.455585E-07  0.170452E-05  0.408761E-01
  0.000000E+00  0.448755E+00 -0.681158E-02  0.411375E-05  0.152291E+00  0.530107E-02  0.410664E-08 -0.639262E-06  0.315473E-02
  0.000000E+00  0.448765E+00 -0.950111E-02  0.410931E-05  0.152189E+00  0.156289E-02  0.165390E-08  0.206072E-06  0.724633E-03
  0.000000E+00  0.448401E+00 -0.983674E-02  0.407895E-05  0.151113E+00  0.989738E-04  0.275152E-09 -0.505370E-06 -0.243033E-03
  0.000000E+00  0.445323E+00 -0.972147E-02  0.407440E-05  0.150994E+00  0.244757E-03  0.349580E-09 -0.163745E-06 -0.164193E-03
  0.000000E+00  0.445070E+00 -0.887408E-02  0.407030E-05  0.150898E+00  0.166507E-02  0.308056E-08  0.150724E-05  0.773810E-03
  0.000000E+00  0.445156E+00 -0.329254E-02  0.406576E-05  0.150953E+00  0.925041E-02  0.201406E-07  0.412960E-05  0.591621E-02
  0.000000E+00  0.445260E+00  0.208402E-01  0.406137E-05  0.152729E+00  0.515035E-01  0.138556E-06  0.641945E-05  0.335738E-01
  0.000000E+00  0.447409E+00  0.632684E-01  0.405684E-05  0.156490E+00  0.115031E+00  0.271367E-06  0.233792E-04  0.731037E-01
  0.100279E-03  0.452411E+00  0.105250E+00  0.692773E-05  0.160772E+00  0.200278E+00  0.686370E-06  0.208373E-04  0.119071E+00
  0.100171E-03  0.458219E+00  0.114274E+00  0.692000E-05  0.165552E+00  0.217193E+00  0.452010E-06  0.210496E-04  0.130842E+00
  0.100059E-03  0.465135E+00  0.854264E-01  0.691228E-05  0.168359E+00  0.160924E+00  0.280041E-06  0.148120E-04  0.980854E-01
  0.366488E-04  0.469866E+00  0.318449E-01  0.403906E-05  0.169508E+00  0.717896E-01  0.484250E-07  0.170213E-05  0.428536E-01
  0.000000E+00  0.470460E+00 -0.707226E-02  0.403455E-05  0.169447E+00  0.560404E-02  0.438387E-08 -0.631698E-06  0.333743E-02
  0.000000E+00  0.470461E+00 -0.990653E-02  0.403019E-05  0.169332E+00  0.165138E-02  0.176357E-08  0.211931E-06  0.770001E-03
  0.000000E+00  0.470080E+00 -0.102307E-01  0.400042E-05  0.168136E+00  0.104467E-03  0.290350E-09 -0.505920E-06 -0.246256E-03
  0.000000E+00  0.466853E+00 -0.101559E-01  0.399596E-05  0.168003E+00  0.259663E-03  0.374382E-09 -0.160835E-06 -0.166589E-03
  0.000000E+00  0.466590E+00 -0.927343E-02  0.399194E-05  0.167896E+00  0.177161E-02  0.330277E-08  0.150534E-05  0.830187E-03
  0.000000E+00  0.466713E+00 -0.337067E-02  0.398748E-05  0.167926E+00  0.981620E-02  0.215112E-07  0.413976E-05  0.628309E-02
  0.000000E+00  0.466831E+00  0.220052E-01  0.398318E-05  0.169800E+00  0.543891E-01  0.147315E-06  0.644549E-05  0.354519E-01
  0.000000E+00  0.468900E+00  0.662260E-01  0.397873E-05  0.173747E+00  0.120749E+00  0.287414E-06  0.232720E-04  0.767074E-01
  0.983486E-04  0.473665E+00  0.109788E+00  0.679436E-05  0.178311E+00  0.209475E+00  0.716577E-06  0.210625E-04  0.124510E+00
  0.982424E-04  0.479526E+00  0.119203E+00  0.678678E-05  0.183154E+00  0.227112E+00  0.473872E-06  0.209470E-04  0.136786E+00
  0.981328E-04  0.486215E+00  0.891720E-01  0.677921E-05  0.186228E+00  0.168147E+00  0.291922E-06  0.148972E-04  0.102487E+00
  0.359432E-04  0.490904E+00  0.333129E-01  0.396129E-05  0.187354E+00  0.752884E-01  0.511466E-07  0.177081E-05  0.449317E-01
  0.000000E+00  0.491626E+00 -0.736692E-02  0.395687E-05  0.187281E+00  0.591437E-02  0.461852E-08 -0.616669E-06  0.352403E-02
  0.000000E+00  0.491616E+00 -0.103277E-01  0.395260E-05  0.187152E+00  0.174313E-02  0.185505E-08  0.258418E-06  0.816359E-03
  0.000000E+00  0.491213E+00 -0.106835E-01  0.392341E-05  0.185830E+00  0.111663E-03  0.314373E-09 -0.498514E-06 -0.254815E-03
  0.000000E+00  0.487841E+00 -0.105999E-01  0.391903E-05  0.185683E+00  0.273111E-03  0.390610E-09 -0.148794E-06 -0.170298E-03
  0.000000E+00  0.487556E+00 -0.952126E-02  0.391494E-05  0.185560E+00  0.202124E-02  0.391842E-08  0.166000E-05  0.103913E-02
  0.000000E+00  0.487588E+00 -0.351957E-02  0.391057E-05  0.185640E+00  0.103579E-01  0.227875E-07  0.439028E-05  0.657373E-02
  0.000000E+00  0.487630E+00  0.228276E-01  0.390635E-05  0.187580E+00  0.567605E-01  0.153618E-06  0.664720E-05  0.370077E-01
  0.000000E+00  0.489526E+00  0.696876E-01  0.390199E-05  0.191745E+00  0.126660E+00  0.302467E-06  0.237798E-04  0.804502E-01
  0.964517E-04  0.494211E+00  0.114405E+00  0.666331E-05  0.196487E+00  0.218555E+00  0.750102E-06  0.207133E-04  0.129875E+00
  0.963475E-04  0.499817E+00  0.123498E+00  0.665588E-05  0.201587E+00  0.235796E+00  0.496078E-06  0.209224E-04  0.141951E+00
  0.962401E-04  0.506436E+00  0.921851E-01  0.664845E-05  0.204688E+00  0.174449E+00  0.306344E-06  0.147189E-04  0.106264E+00
  0.352499E-04  0.511069E+00  0.343638E-01  0.388489E-05  0.205856E+00  0.781152E-01  0.540174E-07  0.176114E-05  0.466033E-01
  0.000000E+00  0.511726E+00 -0.770436E-02  0.388056E-05  0.205771E+00  0.617955E-02  0.491635E-08 -0.602133E-06  0.368218E-02
  0.000000E+00  0.511707E+00 -0.108104E-01  0.387637E-05  0.205627E+00  0.176389E-02  0.192242E-08  0.242833E-06  0.816808E-03
  0.000000E+00  0.511283E+00 -0.111401E-01  0.384773E-05  0.204174E+00  0.115712E-03  0.331575E-09 -0.499598E-06 -0.261854E-03
  0.000000E+00  0.507773E+00 -0.111182E-01  0.384344E-05  0.204013E+00  0.288126E-03  0.417608E-09 -0.142310E-06 -0.178472E-03
  0.000000E+00  0.507474E+00 -0.101389E-01  0.383957E-05  0.203880E+00  0.194508E-02  0.366733E-08  0.156058E-05  0.917065E-03
  0.000000E+00  0.507494E+00 -0.364094E-02  0.383529E-05  0.203953E+00  0.108372E-01  0.240047E-07  0.430491E-05  0.694148E-02
  0.000000E+00  0.507524E+00  0.238362E-01  0.383115E-05  0.205980E+00  0.594727E-01  0.162106E-06  0.664843E-05  0.387675E-01
  0.428908E-08  0.509337E+00  0.719178E-01  0.405302E-05  0.210311E+00  0.131736E+00  0.317974E-06  0.234450E-04  0.836410E-01
  0.946886E-04  0.513753E+00  0.118261E+00  0.676705E-05  0.215318E+00  0.226717E+00  0.777030E-06  0.210625E-04  0.134702E+00
  0.951982E-04  0.519434E+00  0.128306E+00  0.678989E-05  0.220472E+00  0.245556E+00  0.516383E-06  0.208744E-04  0.147843E+00
  0.962031E-04  0.525865E+00  0.959906E-01  0.680195E-05  0.223850E+00  0.181782E+00  0.317083E-06  0.148320E-04  0.110762E+00
  0.353012E-04  0.530432E+00  0.359703E-01  0.403422E-05  0.225041E+00  0.817616E-01  0.565599E-07  0.180747E-05  0.487838E-01
  0.000000E+00  0.531163E+00 -0.797030E-02  0.402972E-05  0.224942E+00  0.651037E-02  0.517386E-08 -0.580411E-06  0.388285E-02
  0.000000E+00  0.531135E+00 -0.111694E-01  0.402537E-05  0.224784E+00  0.191614E-02  0.205871E-08  0.310536E-06  0.905908E-03
  0.000000E+00  0.530696E+00 -0.115758E-01  0.399548E-05  0.223196E+00  0.125993E-03  0.355080E-09 -0.489682E-06 -0.267733E-03
  0.000000E+00  0.527053E+00 -0.115363E-01  0.399102E-05  0.223020E+00  0.299721E-03  0.433256E-09 -0.128954E-06 -0.181186E-03
  0.000000E+00  0.526734E+00 -0.105441E-01  0.398700E-05  0.222872E+00  0.201302E-02  0.380022E-08  0.160727E-05  0.948966E-03
  0.000000E+00  0.526711E+00 -0.378200E-02  0.398255E-05  0.222955E+00  0.112843E-01  0.251313E-07  0.443967E-05  0.722908E-02
  0.000000E+00  0.526703E+00  0.245255E-01  0.397825E-05  0.225045E+00  0.616250E-01  0.168144E-06  0.680329E-05  0.401721E-01
  0.882474E-07  0.528409E+00  0.750164E-01  0.424468E-05  0.229555E+00  0.137263E+00  0.332485E-06  0.237063E-04  0.871333E-01
  0.947747E-04  0.532691E+00  0.122325E+00  0.692280E-05  0.234743E+00  0.234923E+00  0.807884E-06  0.208136E-04  0.139550E+00
  0.953199E-04  0.538229E+00  0.132537E+00  0.694511E-05  0.240076E+00  0.254134E+00  0.537120E-06  0.208372E-04  0.152983E+00
  0.963451E-04  0.544538E+00  0.990872E-01  0.695833E-05  0.243575E+00  0.188222E+00  0.330944E-06  0.146800E-04  0.114641E+00
  0.353613E-04  0.549031E+00  0.370756E-01  0.418575E-05  0.244802E+00  0.846432E-01  0.593931E-07  0.179240E-05  0.504884E-01
  0.000000E+00  0.549743E+00 -0.834820E-02  0.418108E-05  0.244690E+00  0.681396E-02  0.547947E-08 -0.563454E-06  0.406582E-02
  0.000000E+00  0.549710E+00 -0.116737E-01  0.417657E-05  0.244518E+00  0.200687E-02  0.217194E-08  0.313772E-06  0.954725E-03
  0.000000E+00  0.549255E+00 -0.120974E-01  0.414540E-05  0.242790E+00  0.129390E-03  0.372067E-09 -0.488832E-06 -0.275071E-03
  0.000000E+00  0.545484E+00 -0.120258E-01  0.414078E-05  0.242598E+00  0.313233E-03  0.457899E-09 -0.125810E-06 -0.181242E-03
  0.000000E+00  0.545152E+00 -0.109919E-01  0.413661E-05  0.242436E+00  0.211150E-02  0.402254E-08  0.159948E-05  0.100265E-02
  0.000000E+00  0.545108E+00 -0.391491E-02  0.413199E-05  0.242528E+00  0.118259E-01  0.264987E-07  0.442804E-05  0.758180E-02
  0.000000E+00  0.545079E+00  0.255040E-01  0.412753E-05  0.244697E+00  0.642340E-01  0.176318E-06  0.673038E-05  0.418663E-01
  0.207457E-06  0.546704E+00  0.777012E-01  0.476949E-05  0.249369E+00  0.142341E+00  0.348242E-06  0.234649E-04  0.903199E-01
  0.972363E-04  0.550847E+00  0.125913E+00  0.751137E-05  0.254719E+00  0.242551E+00  0.835432E-06  0.207746E-04  0.144015E+00
  0.989108E-04  0.556114E+00  0.136258E+00  0.750299E-05  0.260301E+00  0.262112E+00  0.556636E-06  0.207027E-04  0.157732E+00
  0.988004E-04  0.562396E+00  0.102203E+00  0.749462E-05  0.263831E+00  0.194410E+00  0.342749E-06  0.147324E-04  0.118415E+00
  0.361877E-04  0.566817E+00  0.382565E-01  0.465682E-05  0.265141E+00  0.875825E-01  0.620834E-07  0.183076E-05  0.522296E-01
  0.000000E+00  0.567422E+00 -0.884483E-02  0.465162E-05  0.265014E+00  0.710243E-02  0.573285E-08 -0.543056E-06  0.423943E-02
  0.000000E+00  0.567381E+00 -0.122933E-01  0.464660E-05  0.264827E+00  0.208719E-02  0.225022E-08  0.355808E-06  0.996200E-03
  0.000000E+00  0.566911E+00 -0.127230E-01  0.461158E-05  0.262955E+00  0.137880E-03  0.397945E-09 -0.478562E-06 -0.280888E-03
  0.000000E+00  0.563019E+00 -0.126145E-01  0.460644E-05  0.262747E+00  0.324413E-03  0.471576E-09 -0.111697E-06 -0.182078E-03
  0.000000E+00  0.562683E+00 -0.113516E-01  0.460163E-05  0.262568E+00  0.237877E-02  0.471264E-08  0.173180E-05  0.123641E-02
  0.000000E+00  0.562695E+00 -0.422251E-02  0.459650E-05  0.262631E+00  0.123210E-01  0.277856E-07  0.462535E-05  0.783419E-02
  0.000000E+00  0.562663E+00  0.261428E-01  0.459153E-05  0.264863E+00  0.662471E-01  0.181825E-06  0.687112E-05  0.431852E-01
  0.524181E-06  0.564195E+00  0.805757E-01  0.599491E-05  0.269693E+00  0.147259E+00  0.362219E-06  0.236993E-04  0.934337E-01
  0.102572E-03  0.568072E+00  0.129881E+00  0.876439E-05  0.275316E+00  0.250330E+00  0.863858E-06  0.205076E-04  0.148619E+00
  0.104670E-03  0.573447E+00  0.139861E+00  0.875461E-05  0.280854E+00  0.269489E+00  0.576058E-06  0.206408E-04  0.162099E+00
  0.104553E-03  0.579478E+00  0.104597E+00  0.874485E-05  0.284610E+00  0.199596E+00  0.353481E-06  0.145761E-04  0.121495E+00
  0.382948E-04  0.583823E+00  0.391000E-01  0.574093E-05  0.285857E+00  0.899113E-01  0.646346E-07  0.180820E-05  0.535967E-01
  0.000000E+00  0.584550E+00 -0.924256E-02  0.573452E-05  0.285714E+00  0.734036E-02  0.606315E-08 -0.526914E-06  0.438096E-02
  0.000000E+00  0.584489E+00 -0.128287E-01  0.572833E-05  0.285509E+00  0.208711E-02  0.231047E-08  0.339031E-06  0.984774E-03
  0.000000E+00  0.583995E+00 -0.132041E-01  0.568602E-05  0.283492E+00  0.141710E-03  0.412305E-09 -0.479841E-06 -0.285362E-03
  0.000000E+00  0.579985E+00 -0.130786E-01  0.567968E-05  0.283267E+00  0.338031E-03  0.495250E-09 -0.109273E-06 -0.180422E-03
  0.000000E+00  0.579623E+00 -0.120035E-01  0.567395E-05  0.283077E+00  0.226420E-02  0.435215E-08  0.162945E-05  0.108197E-02
  0.000000E+00  0.579529E+00 -0.436369E-02  0.566762E-05  0.283176E+00  0.127517E-01  0.289551E-07  0.452703E-05  0.818176E-02
  0.000000E+00  0.579447E+00  0.270480E-01  0.566151E-05  0.285476E+00  0.686342E-01  0.189741E-06  0.682459E-05  0.447333E-01
  0.100434E-05  0.580896E+00  0.827684E-01  0.829582E-05  0.290440E+00  0.151574E+00  0.376481E-06  0.233179E-04  0.961313E-01
  0.111310E-03  0.584624E+00  0.132995E+00  0.110924E-04  0.296204E+00  0.257024E+00  0.888674E-06  0.205605E-04  0.152537E+00
  0.113424E-03  0.589854E+00  0.143739E+00  0.111089E-04  0.301910E+00  0.277507E+00  0.593772E-06  0.205129E-04  0.166921E+00
  0.114478E-03  0.595788E+00  0.107904E+00  0.111210E-04  0.305797E+00  0.205977E+00  0.364525E-06  0.146249E-04  0.125409E+00
  0.420244E-04  0.600089E+00  0.404729E-01  0.782297E-05  0.307095E+00  0.930657E-01  0.673156E-07  0.184328E-05  0.554847E-01
  0.000000E+00  0.600794E+00 -0.962187E-02  0.781424E-05  0.306938E+00  0.764626E-02  0.634382E-08 -0.494670E-06  0.456497E-02
  0.000000E+00  0.600736E+00 -0.132910E-01  0.780581E-05  0.306718E+00  0.224614E-02  0.248328E-08  0.398635E-06  0.108045E-02
  0.000000E+00  0.600233E+00 -0.137278E-01  0.774798E-05  0.304551E+00  0.151753E-03  0.441718E-09 -0.466554E-06 -0.288937E-03
  0.000000E+00  0.596112E+00 -0.135580E-01  0.773933E-05  0.304310E+00  0.349274E-03  0.519842E-09 -0.957335E-07 -0.180238E-03
  0.000000E+00  0.595738E+00 -0.124647E-01  0.773154E-05  0.304104E+00  0.234144E-02  0.453563E-08  0.166416E-05  0.112311E-02
  0.000000E+00  0.595621E+00 -0.455553E-02  0.772291E-05  0.304209E+00  0.132046E-01  0.302002E-07  0.462621E-05  0.847588E-02
  0.000000E+00  0.595525E+00  0.278091E-01  0.771457E-05  0.306569E+00  0.707993E-01  0.196543E-06  0.694136E-05  0.461509E-01
  0.170638E-05  0.596871E+00  0.851343E-01  0.871332E-05  0.311688E+00  0.156110E+00  0.390109E-06  0.234645E-04  0.989817E-01
  0.113749E-03  0.600489E+00  0.136358E+00  0.112457E-04  0.317590E+00  0.263877E+00  0.913296E-06  0.206398E-04  0.156583E+00
  0.114987E-03  0.605594E+00  0.147376E+00  0.112331E-04  0.323447E+00  0.284869E+00  0.611345E-06  0.205248E-04  0.171342E+00
  0.114858E-03  0.611419E+00  0.110500E+00  0.112206E-04  0.326348E+00  0.211421E+00  0.374053E-06  0.145137E-04  0.128694E+00
  0.420693E-04  0.614705E+00  0.404121E-01  0.791887E-05  0.327379E+00  0.955822E-01  0.695739E-07  0.182273E-05  0.569702E-01
  0.000000E+00  0.614976E+00 -0.112791E-01  0.791004E-05  0.327195E+00  0.783217E-02  0.654954E-08 -0.484220E-06  0.467639E-02
  0.000000E+00  0.614860E+00 -0.150147E-01  0.790150E-05  0.326958E+00  0.231410E-02  0.254671E-08  0.403203E-06  0.111813E-02
  0.000000E+00  0.614334E+00 -0.153450E-01  0.784279E-05  0.324648E+00  0.156825E-03  0.456084E-09 -0.468367E-06 -0.289139E-03
  0.000000E+00  0.610116E+00 -0.151303E-01  0.783404E-05  0.324390E+00  0.357666E-03  0.530836E-09 -0.922656E-07 -0.179360E-03
  0.000000E+00  0.609729E+00 -0.140477E-01  0.782615E-05  0.324170E+00  0.239234E-02  0.464741E-08  0.165532E-05  0.114927E-02
  0.000000E+00  0.609660E+00 -0.586627E-02  0.781742E-05  0.324138E+00  0.135550E-01  0.311634E-07  0.460520E-05  0.870381E-02
  0.000000E+00  0.609478E+00  0.266483E-01  0.780898E-05  0.325753E+00  0.725127E-01  0.202046E-06  0.693552E-05  0.472683E-01
  0.188030E-05  0.610014E+00  0.846121E-01  0.934200E-05  0.329361E+00  0.159698E+00  0.400717E-06  0.231278E-04  0.101238E+00
  0.116553E-03  0.612033E+00  0.133547E+00  0.118800E-04  0.333650E+00  0.269254E+00  0.929996E-06  0.208835E-04  0.159789E+00
  0.117778E-03  0.615482E+00  0.141251E+00  0.118668E-04  0.337900E+00  0.289377E+00  0.622413E-06  0.204725E-04  0.174029E+00
  0.117646E-03  0.619696E+00  0.104677E+00  0.118535E-04  0.340833E+00  0.214377E+00  0.380822E-06  0.145070E-04  0.130462E+00
  0.430904E-04  0.622856E+00  0.352795E-01  0.847127E-05  0.341783E+00  0.969220E-01  0.712888E-07  0.179188E-05  0.577669E-01
  0.000000E+00  0.623271E+00 -0.163531E-01  0.846182E-05  0.341588E+00  0.799662E-02  0.673348E-08 -0.468599E-06  0.478029E-02
  0.000000E+00  0.623141E+00 -0.202126E-01  0.845269E-05  0.341339E+00  0.234865E-02  0.261017E-08  0.407021E-06  0.113770E-02
  0.000000E+00  0.622603E+00 -0.201169E-01  0.839025E-05  0.338927E+00  0.159715E-03  0.465646E-09 -0.465118E-06 -0.283640E-03
  0.000000E+00  0.618327E+00 -0.197925E-01  0.838089E-05  0.338658E+00  0.364685E-03  0.545282E-09 -0.901275E-07 -0.176915E-03
  0.000000E+00  0.617925E+00 -0.185033E-01  0.837215E-05  0.338420E+00  0.267481E-02  0.543248E-08  0.173267E-05  0.140784E-02
  0.000000E+00  0.617749E+00 -0.101814E-01  0.836280E-05  0.338423E+00  0.139110E-01  0.321666E-07  0.465708E-05  0.886269E-02
  0.000000E+00  0.617508E+00  0.212045E-01  0.835378E-05  0.340059E+00  0.738531E-01  0.206329E-06  0.691616E-05  0.481402E-01
  0.216513E-05  0.617970E+00  0.815302E-01  0.106915E-04  0.343724E+00  0.162233E+00  0.408548E-06  0.229124E-04  0.102836E+00
  0.120838E-03  0.619934E+00  0.130015E+00  0.132176E-04  0.348059E+00  0.272989E+00  0.940672E-06  0.211087E-04  0.161990E+00
  0.121765E-03  0.623298E+00  0.137769E+00  0.132028E-04  0.352336E+00  0.292410E+00  0.630986E-06  0.205667E-04  0.175808E+00
  0.121671E-03  0.627421E+00  0.102332E+00  0.131893E-04  0.355272E+00  0.216151E+00  0.385611E-06  0.145329E-04  0.131485E+00
  0.445645E-04  0.630512E+00  0.332095E-01  0.967981E-05  0.356223E+00  0.979828E-01  0.727772E-07  0.182429E-05  0.583818E-01
  0.000000E+00  0.630903E+00 -0.186122E-01  0.965863E-05  0.356016E+00  0.812215E-02  0.690214E-08 -0.437497E-06  0.486238E-02
  0.000000E+00  0.630764E+00 -0.226758E-01  0.963859E-05  0.355756E+00  0.230550E-02  0.262004E-08  0.421612E-06  0.110648E-02
  0.000000E+00  0.630215E+00 -0.222562E-01  0.955779E-05  0.353242E+00  0.163767E-03  0.488470E-09 -0.453156E-06 -0.272176E-03
  0.000000E+00  0.625886E+00 -0.219960E-01  0.953810E-05  0.352962E+00  0.370221E-03  0.557537E-09 -0.789761E-07 -0.174263E-03
  0.000000E+00  0.625477E+00 -0.209911E-01  0.952068E-05  0.352720E+00  0.247508E-02  0.485935E-08  0.167573E-05  0.119544E-02
  0.000000E+00  0.625303E+00 -0.121953E-01  0.950176E-05  0.352709E+00  0.140550E-01  0.326170E-07  0.467110E-05  0.903158E-02
  0.000000E+00  0.625280E+00  0.188046E-01  0.948382E-05  0.354981E+00  0.747494E-01  0.209492E-06  0.701032E-05  0.487257E-01
  0.252320E-05  0.632165E+00  0.816500E-01  0.108448E-04  0.358741E+00  0.165829E+00  0.419021E-06  0.230221E-04  0.105114E+00
  0.119540E-03  0.634220E+00  0.130943E+00  0.131399E-04  0.363250E+00  0.279149E+00  0.962076E-06  0.212923E-04  0.165685E+00
  0.119411E-03  0.638538E+00  0.139359E+00  0.131253E-04  0.367518E+00  0.299919E+00  0.647040E-06  0.204490E-04  0.180330E+00
  0.119278E-03  0.643227E+00  0.104214E+00  0.131106E-04  0.370604E+00  0.222351E+00  0.396591E-06  0.144856E-04  0.135273E+00
  0.436881E-04  0.646557E+00  0.333986E-01  0.966262E-05  0.371583E+00  0.100858E+00  0.750848E-07  0.181200E-05  0.600902E-01
  0.000000E+00  0.647024E+00 -0.195947E-01  0.963439E-05  0.371366E+00  0.836018E-02  0.708890E-08 -0.427886E-06  0.500985E-02
  0.000000E+00  0.646883E+00 -0.237626E-01  0.960782E-05  0.371094E+00  0.244912E-02  0.274568E-08  0.441812E-06  0.119516E-02
  0.000000E+00  0.646324E+00 -0.232737E-01  0.952071E-05  0.368472E+00  0.170664E-03  0.499753E-09 -0.453692E-06 -0.268200E-03
  0.000000E+00  0.641879E+00 -0.230213E-01  0.949490E-05  0.368179E+00  0.382252E-03  0.575652E-09 -0.753776E-07 -0.166996E-03
  0.000000E+00  0.641459E+00 -0.218694E-01  0.947221E-05  0.367927E+00  0.253706E-02  0.499990E-08  0.167045E-05  0.124579E-02
  0.000000E+00  0.641276E+00 -0.129291E-01  0.944768E-05  0.367917E+00  0.144186E-01  0.335721E-07  0.466393E-05  0.927580E-02
  0.000000E+00  0.641024E+00  0.180209E-01  0.942456E-05  0.369586E+00  0.762170E-01  0.214496E-06  0.699970E-05  0.496867E-01
  0.247467E-05  0.641546E+00  0.817938E-01  0.107618E-04  0.373364E+00  0.168529E+00  0.427824E-06  0.228158E-04  0.106792E+00
  0.117184E-03  0.643652E+00  0.131726E+00  0.130110E-04  0.377929E+00  0.283636E+00  0.976040E-06  0.215034E-04  0.168373E+00
  0.117058E-03  0.647566E+00  0.139895E+00  0.129965E-04  0.382278E+00  0.304051E+00  0.656507E-06  0.203980E-04  0.182788E+00
  0.116927E-03  0.651981E+00  0.104742E+00  0.129445E-04  0.385418E+00  0.225394E+00  0.400945E-06  0.144581E-04  0.137108E+00
  0.428255E-04  0.655519E+00  0.333457E-01  0.956073E-05  0.386417E+00  0.102390E+00  0.764936E-07  0.180111E-05  0.610004E-01
  0.000000E+00  0.656040E+00 -0.202219E-01  0.952928E-05  0.386190E+00  0.850953E-02  0.723584E-08 -0.425422E-06  0.510055E-02
  0.000000E+00  0.655901E+00 -0.244488E-01  0.949975E-05  0.385908E+00  0.248524E-02  0.277849E-08  0.446860E-06  0.121537E-02
  0.000000E+00  0.655335E+00 -0.238930E-01  0.941035E-05  0.383180E+00  0.173742E-03  0.513611E-09 -0.451481E-06 -0.266387E-03
  0.000000E+00  0.650827E+00 -0.235745E-01  0.938177E-05  0.382876E+00  0.387492E-03  0.578942E-09 -0.729083E-07 -0.157357E-03
  0.000000E+00  0.650403E+00 -0.223820E-01  0.935669E-05  0.382613E+00  0.256777E-02  0.504913E-08  0.166540E-05  0.127505E-02
  0.000000E+00  0.650222E+00 -0.133091E-01  0.932963E-05  0.382601E+00  0.146605E-01  0.342023E-07  0.464943E-05  0.945356E-02
  0.000000E+00  0.650108E+00  0.180642E-01  0.930417E-05  0.384301E+00  0.779956E-01  0.219511E-06  0.701031E-05  0.508382E-01
  0.242699E-05  0.651116E+00  0.823655E-01  0.106206E-04  0.388739E+00  0.171148E+00  0.435434E-06  0.226236E-04  0.108444E+00
  0.114873E-03  0.659570E+00  0.134380E+00  0.128249E-04  0.393467E+00  0.290436E+00  0.999344E-06  0.216472E-04  0.172402E+00
  0.114749E-03  0.663925E+00  0.142693E+00  0.128106E-04  0.397978E+00  0.311221E+00  0.673650E-06  0.203425E-04  0.187076E+00
  0.114621E-03  0.669800E+00  0.107479E+00  0.127446E-04  0.401133E+00  0.231437E+00  0.411827E-06  0.145048E-04  0.140804E+00
  0.419806E-04  0.673805E+00  0.344354E-01  0.942542E-05  0.402161E+00  0.105559E+00  0.796180E-07  0.184537E-05  0.628840E-01
  0.000000E+00  0.674398E+00 -0.203514E-01  0.939235E-05  0.401925E+00  0.884210E-02  0.754656E-08 -0.398150E-06  0.530096E-02
  0.000000E+00  0.674261E+00 -0.246686E-01  0.936134E-05  0.401631E+00  0.257421E-02  0.288850E-08  0.485856E-06  0.126331E-02
  0.000000E+00  0.673680E+00 -0.241489E-01  0.927134E-05  0.398793E+00  0.183929E-03  0.540596E-09 -0.442041E-06 -0.266959E-03
  0.000000E+00  0.669037E+00 -0.238152E-01  0.924137E-05  0.398475E+00  0.399857E-03  0.600042E-09 -0.599915E-07 -0.153587E-03
  0.000000E+00  0.668608E+00 -0.224019E-01  0.921417E-05  0.398194E+00  0.289612E-02  0.594775E-08  0.178950E-05  0.156459E-02
  0.000000E+00  0.668428E+00 -0.132877E-01  0.918589E-05  0.398189E+00  0.153107E-01  0.359106E-07  0.482879E-05  0.979642E-02
  0.000000E+00  0.668406E+00  0.187421E-01  0.915931E-05  0.399917E+00  0.803798E-01  0.227085E-06  0.713729E-05  0.523947E-01
  0.238017E-05  0.669335E+00  0.849630E-01  0.104563E-04  0.403859E+00  0.176675E+00  0.451191E-06  0.228070E-04  0.111944E+00
  0.112604E-03  0.672011E+00  0.136498E+00  0.126165E-04  0.408585E+00  0.296027E+00  0.101882E-05  0.217532E-04  0.175690E+00
  0.112483E-03  0.676011E+00  0.144291E+00  0.126024E-04  0.413213E+00  0.316068E+00  0.687060E-06  0.203796E-04  0.189915E+00
  0.112357E-03  0.680905E+00  0.108213E+00  0.125341E-04  0.416479E+00  0.234379E+00  0.420257E-06  0.144384E-04  0.142498E+00
  0.411514E-04  0.685270E+00  0.345148E-01  0.927875E-05  0.417527E+00  0.106988E+00  0.818100E-07  0.182920E-05  0.637206E-01
  0.000000E+00  0.685988E+00 -0.206030E-01  0.924471E-05  0.417281E+00  0.901032E-02  0.777136E-08 -0.392079E-06  0.540076E-02
  0.000000E+00  0.685849E+00 -0.250100E-01  0.921279E-05  0.416975E+00  0.253590E-02  0.290660E-08  0.465999E-06  0.123091E-02
  0.000000E+00  0.685255E+00 -0.244217E-01  0.912283E-05  0.414028E+00  0.185557E-03  0.550526E-09 -0.442868E-06 -0.267279E-03
  0.000000E+00  0.680530E+00 -0.240749E-01  0.909203E-05  0.413698E+00  0.408240E-03  0.616147E-09 -0.576417E-07 -0.146613E-03
  0.000000E+00  0.680094E+00 -0.229889E-01  0.906506E-05  0.413414E+00  0.270967E-02  0.538595E-08  0.169854E-05  0.135549E-02
  0.000000E+00  0.679935E+00 -0.134411E-01  0.903600E-05  0.413400E+00  0.155740E-01  0.366791E-07  0.474135E-05  0.100507E-01
  0.000000E+00  0.680065E+00  0.189286E-01  0.900871E-05  0.415168E+00  0.821296E-01  0.233012E-06  0.712295E-05  0.535412E-01
  0.233434E-05  0.681524E+00  0.858678E-01  0.102868E-04  0.419127E+00  0.179804E+00  0.461666E-06  0.225394E-04  0.113889E+00
  0.110384E-03  0.684380E+00  0.138103E+00  0.124039E-04  0.424645E+00  0.301005E+00  0.103551E-05  0.219405E-04  0.178620E+00
  0.110265E-03  0.695730E+00  0.148649E+00  0.123901E-04  0.429371E+00  0.325566E+00  0.707584E-06  0.203266E-04  0.195670E+00
  0.110142E-03  0.702679E+00  0.112267E+00  0.123202E-04  0.432708E+00  0.242714E+00  0.435014E-06  0.144101E-04  0.147623E+00
  0.403400E-04  0.707764E+00  0.362831E-01  0.912770E-05  0.433801E+00  0.111389E+00  0.867434E-07  0.182787E-05  0.663405E-01
  0.000000E+00  0.708578E+00 -0.206195E-01  0.909302E-05  0.433546E+00  0.941784E-02  0.813730E-08 -0.373976E-06  0.564619E-02
  0.000000E+00  0.708444E+00 -0.250916E-01  0.906052E-05  0.433229E+00  0.273814E-02  0.310714E-08  0.499980E-06  0.135250E-02
  0.000000E+00  0.707836E+00 -0.246335E-01  0.897094E-05  0.430167E+00  0.195175E-03  0.574820E-09 -0.437804E-06 -0.271907E-03
  0.000000E+00  0.702945E+00 -0.242744E-01  0.893962E-05  0.429823E+00  0.425656E-03  0.643183E-09 -0.516112E-07 -0.143556E-03
  0.000000E+00  0.702497E+00 -0.231865E-01  0.891219E-05  0.429529E+00  0.283171E-02  0.563958E-08  0.170731E-05  0.142429E-02
  0.000000E+00  0.702338E+00 -0.132956E-01  0.888266E-05  0.429515E+00  0.162511E-01  0.384706E-07  0.475716E-05  0.104925E-01
  0.000000E+00  0.702554E+00  0.199937E-01  0.885494E-05  0.431307E+00  0.852527E-01  0.243236E-06  0.714347E-05  0.555646E-01
  0.228940E-05  0.703370E+00  0.894606E-01  0.101147E-04  0.435583E+00  0.185902E+00  0.480838E-06  0.225797E-04  0.117692E+00
  0.108208E-03  0.706814E+00  0.142453E+00  0.121895E-04  0.440557E+00  0.310650E+00  0.107205E-05  0.216005E-04  0.184325E+00
  0.108091E-03  0.713193E+00  0.151799E+00  0.121760E-04  0.445332E+00  0.333588E+00  0.727113E-06  0.201958E-04  0.200414E+00
  0.107970E-03  0.719368E+00  0.114565E+00  0.121050E-04  0.448723E+00  0.248459E+00  0.444484E-06  0.143320E-04  0.151079E+00
  0.395447E-04  0.723853E+00  0.370696E-01  0.897436E-05  0.449896E+00  0.114210E+00  0.895860E-07  0.182766E-05  0.680081E-01
  0.000000E+00  0.724412E+00 -0.209468E-01  0.893928E-05  0.449637E+00  0.966216E-02  0.834973E-08 -0.368971E-06  0.579106E-02
  0.000000E+00  0.724309E+00 -0.254850E-01  0.890643E-05  0.449309E+00  0.280487E-02  0.316132E-08  0.510419E-06  0.138712E-02
  0.000000E+00  0.723695E+00 -0.250327E-01  0.881746E-05  0.446134E+00  0.201252E-03  0.590079E-09 -0.435934E-06 -0.274241E-03
  0.000000E+00  0.718690E+00 -0.246551E-01  0.878582E-05  0.445776E+00  0.435249E-03  0.654589E-09 -0.456489E-07 -0.141418E-03
  0.000000E+00  0.718242E+00 -0.236137E-01  0.875812E-05  0.445472E+00  0.288875E-02  0.575141E-08  0.171122E-05  0.145355E-02
  0.000000E+00  0.718131E+00 -0.134742E-01  0.872831E-05  0.445463E+00  0.167000E-01  0.395900E-07  0.475901E-05  0.107830E-01
  0.000000E+00  0.718380E+00  0.202295E-01  0.870034E-05  0.447396E+00  0.872113E-01  0.249490E-06  0.715856E-05  0.568441E-01
  0.224532E-05  0.720051E+00  0.908609E-01  0.994208E-05  0.451693E+00  0.190502E+00  0.493586E-06  0.223064E-04  0.120597E+00
  0.106075E-03  0.723879E+00  0.145621E+00  0.119755E-04  0.456798E+00  0.318381E+00  0.109638E-05  0.219793E-04  0.188918E+00
  0.105960E-03  0.729563E+00  0.154853E+00  0.119622E-04  0.462510E+00  0.341027E+00  0.744205E-06  0.202723E-04  0.204863E+00
  0.105842E-03  0.742810E+00  0.118349E+00  0.118905E-04  0.466027E+00  0.256334E+00  0.458499E-06  0.143472E-04  0.155872E+00
  0.387650E-04  0.749079E+00  0.387894E-01  0.882064E-05  0.467267E+00  0.118503E+00  0.940087E-07  0.186299E-05  0.705702E-01
  0.000000E+00  0.750524E+00 -0.208773E-01  0.878532E-05  0.467000E+00  0.101080E-01  0.875203E-08 -0.345890E-06  0.605993E-02
  0.000000E+00  0.750434E+00 -0.255501E-01  0.875226E-05  0.466661E+00  0.292867E-02  0.330632E-08  0.547255E-06  0.145456E-02
  0.000000E+00  0.749802E+00 -0.251796E-01  0.866405E-05  0.463364E+00  0.213729E-03  0.626667E-09 -0.427569E-06 -0.276879E-03
  0.000000E+00  0.744604E+00 -0.247873E-01  0.863221E-05  0.462990E+00  0.454648E-03  0.681835E-09 -0.322996E-07 -0.135547E-03
  0.000000E+00  0.744153E+00 -0.234723E-01  0.860337E-05  0.462667E+00  0.329058E-02  0.684381E-08  0.182726E-05  0.180080E-02
  0.000000E+00  0.744082E+00 -0.132556E-01  0.857343E-05  0.462675E+00  0.175297E-01  0.418025E-07  0.491225E-05  0.112358E-01
  0.000000E+00  0.745005E+00  0.215709E-01  0.854535E-05  0.464591E+00  0.907705E-01  0.260949E-06  0.727313E-05  0.591603E-01
  0.220200E-05  0.747853E+00  0.946181E-01  0.976934E-05  0.469055E+00  0.198348E+00  0.516223E-06  0.224298E-04  0.125558E+00
  0.103979E-03  0.752458E+00  0.151521E+00  0.117621E-04  0.474262E+00  0.331073E+00  0.113671E-05  0.221811E-04  0.196424E+00
  0.103867E-03  0.757770E+00  0.160204E+00  0.117490E-04  0.479829E+00  0.353116E+00  0.773798E-06  0.202142E-04  0.212031E+00
  0.103751E-03  0.764742E+00  0.121095E+00  0.116769E-04  0.483436E+00  0.263117E+00  0.473415E-06  0.143114E-04  0.159930E+00
  0.379994E-04  0.771696E+00  0.396794E-01  0.866688E-05  0.484615E+00  0.121639E+00  0.983553E-07  0.186191E-05  0.724033E-01
  0.000000E+00  0.772886E+00 -0.209887E-01  0.863144E-05  0.484330E+00  0.104548E-01  0.913564E-08 -0.339205E-06  0.626709E-02
  0.000000E+00  0.772745E+00 -0.258230E-01  0.859828E-05  0.483975E+00  0.292261E-02  0.336479E-08  0.534431E-06  0.143658E-02
  0.000000E+00  0.772080E+00 -0.254442E-01  0.851094E-05  0.480555E+00  0.217766E-03  0.645561E-09 -0.426805E-06 -0.283026E-03
  0.000000E+00  0.766780E+00 -0.250422E-01  0.847902E-05  0.480174E+00  0.471529E-03  0.707949E-09 -0.285728E-07 -0.130470E-03
  0.000000E+00  0.766297E+00 -0.240405E-01  0.845111E-05  0.479846E+00  0.312134E-02  0.625046E-08  0.174774E-05  0.158463E-02
  0.000000E+00  0.766162E+00 -0.131604E-01  0.842109E-05  0.479827E+00  0.181294E-01  0.434068E-07  0.484221E-05  0.117185E-01
  0.000000E+00  0.766699E+00  0.224269E-01  0.839293E-05  0.481776E+00  0.938622E-01  0.271392E-06  0.726836E-05  0.611718E-01
  0.215961E-05  0.768092E+00  0.966565E-01  0.959940E-05  0.486577E+00  0.203728E+00  0.533360E-06  0.221961E-04  0.128913E+00
  0.101929E-03  0.773025E+00  0.154932E+00  0.115524E-04  0.491854E+00  0.339711E+00  0.116640E-05  0.223556E-04  0.201561E+00
  0.101819E-03  0.778748E+00  0.164447E+00  0.115395E-04  0.498318E+00  0.363232E+00  0.796391E-06  0.201613E-04  0.218106E+00
  0.101706E-03  0.792189E+00  0.126120E+00  0.114671E-04  0.502102E+00  0.273467E+00  0.491704E-06  0.142742E-04  0.166282E+00
  0.372502E-04  0.799788E+00  0.416937E-01  0.851564E-05  0.503333E+00  0.126678E+00  0.102934E-06  0.185271E-05  0.753979E-01
  0.000000E+00  0.801158E+00 -0.210563E-01  0.848012E-05  0.503037E+00  0.108642E-01  0.949744E-08 -0.332384E-06  0.651018E-02
  0.000000E+00  0.801018E+00 -0.259320E-01  0.844689E-05  0.502669E+00  0.314025E-02  0.355274E-08  0.554145E-06  0.156619E-02
  0.000000E+00  0.800334E+00 -0.256880E-01  0.836044E-05  0.499116E+00  0.227614E-03  0.664841E-09 -0.427309E-06 -0.289032E-03
  0.000000E+00  0.794836E+00 -0.252704E-01  0.832848E-05  0.498721E+00  0.489536E-03  0.736284E-09 -0.249044E-07 -0.128400E-03
  0.000000E+00  0.794337E+00 -0.242775E-01  0.830053E-05  0.498380E+00  0.323761E-02  0.650434E-08  0.174549E-05  0.164767E-02
  0.000000E+00  0.794205E+00 -0.129956E-01  0.827047E-05  0.498362E+00  0.188830E-01  0.454123E-07  0.483560E-05  0.122150E-01
  0.000000E+00  0.794835E+00  0.237988E-01  0.824229E-05  0.500425E+00  0.976978E-01  0.283747E-06  0.726472E-05  0.636547E-01
  0.211803E-05  0.796834E+00  0.100218E+00  0.943148E-05  0.505420E+00  0.211748E+00  0.557038E-06  0.218545E-04  0.133967E+00
  0.999199E-04  0.802605E+00  0.160526E+00  0.113455E-04  0.510845E+00  0.352399E+00  0.120886E-05  0.226054E-04  0.209044E+00
  0.998120E-04  0.808387E+00  0.170471E+00  0.113329E-04  0.517108E+00  0.376797E+00  0.826121E-06  0.201049E-04  0.226199E+00
  0.997005E-04  0.816416E+00  0.129663E+00  0.112602E-04  0.520914E+00  0.281778E+00  0.505520E-06  0.142420E-04  0.171294E+00
  0.365158E-04  0.824324E+00  0.431491E-01  0.836621E-05  0.522182E+00  0.130924E+00  0.107553E-06  0.184034E-05  0.779153E-01
  0.000000E+00  0.825577E+00 -0.212152E-01  0.833067E-05  0.521872E+00  0.112760E-01  0.986269E-08 -0.326885E-06  0.675580E-02
  0.000000E+00  0.825422E+00 -0.262103E-01  0.829742E-05  0.521490E+00  0.324391E-02  0.364010E-08  0.564073E-06  0.162085E-02
  0.000000E+00  0.824715E+00 -0.260164E-01  0.821189E-05  0.517805E+00  0.235529E-03  0.684236E-09 -0.427620E-06 -0.294488E-03
  0.000000E+00  0.819048E+00 -0.255891E-01  0.817992E-05  0.517394E+00  0.504896E-03  0.752647E-09 -0.185849E-07 -0.126630E-03
  0.000000E+00  0.818534E+00 -0.246123E-01  0.815198E-05  0.517040E+00  0.333765E-02  0.669614E-08  0.174896E-05  0.170135E-02
  0.000000E+00  0.818424E+00 -0.129784E-01  0.812193E-05  0.516995E+00  0.195472E-01  0.471629E-07  0.482809E-05  0.126449E-01
  0.000000E+00  0.818719E+00  0.246506E-01  0.809376E-05  0.519263E+00  0.100766E+00  0.293895E-06  0.726076E-05  0.656567E-01
  0.207725E-05  0.821275E+00  0.103313E+00  0.926586E-05  0.524383E+00  0.218625E+00  0.577316E-06  0.217204E-04  0.138288E+00
  0.979499E-04  0.826904E+00  0.165470E+00  0.111417E-04  0.530224E+00  0.363643E+00  0.124483E-05  0.227291E-04  0.215730E+00
  0.978442E-04  0.833842E+00  0.175352E+00  0.111293E-04  0.536948E+00  0.388180E+00  0.853150E-06  0.200783E-04  0.232982E+00
  0.977349E-04  0.848619E+00  0.134929E+00  0.110565E-04  0.540842E+00  0.292810E+00  0.525414E-06  0.142052E-04  0.177955E+00
  0.357959E-04  0.854347E+00  0.450762E-01  0.821886E-05  0.542665E+00  0.136070E+00  0.114057E-06  0.186381E-05  0.809460E-01
  0.000000E+00  0.854927E+00 -0.212448E-01  0.818333E-05  0.542365E+00  0.118287E-01  0.103605E-07 -0.311725E-06  0.708842E-02
  0.000000E+00  0.854887E+00 -0.264085E-01  0.815009E-05  0.541974E+00  0.338313E-02  0.378321E-08  0.590857E-06  0.169645E-02
  0.000000E+00  0.854187E+00 -0.262972E-01  0.806550E-05  0.538145E+00  0.247973E-03  0.721232E-09 -0.422166E-06 -0.298573E-03
  0.000000E+00  0.848316E+00 -0.258551E-01  0.803356E-05  0.537718E+00  0.527749E-03  0.781899E-09 -0.698532E-08 -0.120303E-03
  0.000000E+00  0.847840E+00 -0.245315E-01  0.800465E-05  0.537347E+00  0.380827E-02  0.799679E-08  0.184369E-05  0.210917E-02
  0.000000E+00  0.847987E+00 -0.127616E-01  0.797467E-05  0.537337E+00  0.205863E-01  0.499345E-07  0.493080E-05  0.132148E-01
  0.000000E+00  0.849847E+00  0.262202E-01  0.794658E-05  0.539586E+00  0.105081E+00  0.307603E-06  0.731412E-05  0.684721E-01
  0.203718E-05  0.852661E+00  0.108080E+00  0.910177E-05  0.545067E+00  0.227991E+00  0.606161E-06  0.216205E-04  0.144181E+00
  0.960154E-04  0.859577E+00  0.171810E+00  0.109401E-04  0.551000E+00  0.377800E+00  0.129143E-05  0.227660E-04  0.224084E+00
  0.959117E-04  0.867129E+00  0.181337E+00  0.109279E-04  0.557481E+00  0.402163E+00  0.888460E-06  0.199638E-04  0.241242E+00
  0.958046E-04  0.875617E+00  0.138291E+00  0.108551E-04  0.561494E+00  0.301189E+00  0.544064E-06  0.141394E-04  0.182942E+00
  0.350889E-04  0.882140E+00  0.463684E-01  0.807289E-05  0.563226E+00  0.140183E+00  0.119867E-06  0.185622E-05  0.833568E-01
  0.000000E+00  0.882855E+00 -0.214263E-01  0.803741E-05  0.562916E+00  0.122722E-01  0.109115E-07 -0.304518E-06  0.735191E-02
  0.000000E+00  0.882813E+00 -0.267802E-01  0.800424E-05  0.562509E+00  0.338683E-02  0.384657E-08  0.574997E-06  0.168110E-02
  0.000000E+00  0.882083E+00 -0.266604E-01  0.792064E-05  0.558534E+00  0.255227E-03  0.739174E-09 -0.425305E-06 -0.306632E-03
  0.000000E+00  0.876018E+00 -0.262004E-01  0.788877E-05  0.558091E+00  0.547515E-03  0.810359E-09 -0.477511E-08 -0.116790E-03
  0.000000E+00  0.875523E+00 -0.252178E-01  0.786093E-05  0.557715E+00  0.361970E-02  0.729055E-08  0.176433E-05  0.186045E-02
  0.000000E+00  0.875676E+00 -0.126344E-01  0.783100E-05  0.557693E+00  0.213301E-01  0.520393E-07  0.485036E-05  0.138096E-01
  0.000000E+00  0.877086E+00  0.275441E-01  0.780296E-05  0.560159E+00  0.108969E+00  0.321344E-06  0.728626E-05  0.709957E-01
  0.199796E-05  0.880296E+00  0.111168E+00  0.894141E-05  0.565755E+00  0.235449E+00  0.629826E-06  0.212118E-04  0.148839E+00
  0.941224E-04  0.886675E+00  0.176406E+00  0.107431E-04  0.572119E+00  0.389243E+00  0.132933E-05  0.229450E-04  0.230825E+00
  0.940208E-04  0.894899E+00  0.186981E+00  0.107311E-04  0.579238E+00  0.415438E+00  0.917615E-06  0.198566E-04  0.249210E+00
  0.939157E-04  0.910633E+00  0.144631E+00  0.106583E-04  0.583641E+00  0.314412E+00  0.567656E-06  0.140735E-04  0.190987E+00
  0.343971E-04  0.917089E+00  0.489610E-01  0.793024E-05  0.585460E+00  0.146535E+00  0.127004E-06  0.184916E-05  0.871414E-01
  0.000000E+00  0.918222E+00 -0.214972E-01  0.789482E-05  0.585141E+00  0.129656E-01  0.116131E-07 -0.291499E-06  0.777158E-02
  0.000000E+00  0.918207E+00 -0.270057E-01  0.786169E-05  0.584720E+00  0.368393E-02  0.411918E-08  0.604425E-06  0.185940E-02
  0.000000E+00  0.917461E+00 -0.270609E-01  0.777904E-05  0.580589E+00  0.267245E-03  0.767812E-09 -0.423138E-06 -0.315405E-03
  0.000000E+00  0.911144E+00 -0.265651E-01  0.774724E-05  0.580127E+00  0.574370E-03  0.848212E-09  0.240840E-09 -0.111375E-03
  0.000000E+00  0.910635E+00 -0.255523E-01  0.771946E-05  0.579737E+00  0.380216E-02  0.767927E-08  0.176196E-05  0.196392E-02
  0.000000E+00  0.910809E+00 -0.123614E-01  0.768960E-05  0.579719E+00  0.224570E-01  0.550980E-07  0.482909E-05  0.145470E-01
  0.000000E+00  0.911983E+00  0.295310E-01  0.766163E-05  0.582393E+00  0.114012E+00  0.338397E-06  0.726070E-05  0.742689E-01
  0.195949E-05  0.916095E+00  0.116154E+00  0.878354E-05  0.588231E+00  0.245586E+00  0.661279E-06  0.208353E-04  0.155203E+00
  0.922668E-04  0.923514E+00  0.183348E+00  0.105493E-04  0.594888E+00  0.404869E+00  0.138236E-05  0.229798E-04  0.240022E+00
  0.921671E-04  0.932130E+00  0.194328E+00  0.105375E-04  0.601671E+00  0.432080E+00  0.957669E-06  0.197009E-04  0.259086E+00
  0.920642E-04  0.942356E+00  0.149517E+00  0.104647E-04  0.606246E+00  0.325609E+00  0.588378E-06  0.139710E-04  0.197749E+00
  0.337190E-04  0.949510E+00  0.509604E-01  0.778982E-05  0.608069E+00  0.152025E+00  0.133998E-06  0.183618E-05  0.903791E-01
  0.000000E+00  0.950329E+00 -0.216639E-01  0.775447E-05  0.607740E+00  0.135544E-01  0.122316E-07 -0.284620E-06  0.811994E-02
  0.000000E+00  0.950323E+00 -0.272889E-01  0.772142E-05  0.607303E+00  0.383373E-02  0.428326E-08  0.607681E-06  0.193955E-02
  0.000000E+00  0.949550E+00 -0.274258E-01  0.763973E-05  0.603012E+00  0.276096E-03  0.789013E-09 -0.424428E-06 -0.324766E-03
  0.000000E+00  0.943005E+00 -0.269106E-01  0.760801E-05  0.602531E+00  0.598475E-03  0.881630E-09  0.428452E-08 -0.107033E-03
  0.000000E+00  0.942476E+00 -0.258800E-01  0.758031E-05  0.602126E+00  0.396930E-02  0.802668E-08  0.175530E-05  0.205796E-02
  0.000000E+00  0.942620E+00 -0.121382E-01  0.755054E-05  0.602121E+00  0.234854E-01  0.579496E-07  0.479804E-05  0.152185E-01
  0.000000E+00  0.943411E+00  0.312717E-01  0.752266E-05  0.604968E+00  0.118675E+00  0.355125E-06  0.722146E-05  0.772993E-01
  0.192176E-05  0.946471E+00  0.119582E+00  0.862819E-05  0.611237E+00  0.254029E+00  0.687656E-06  0.205688E-04  0.160488E+00
  0.904478E-04  0.953432E+00  0.189216E+00  0.103587E-04  0.618222E+00  0.418493E+00  0.142620E-05  0.232358E-04  0.248175E+00
  0.903501E-04  0.963476E+00  0.200320E+00  0.103471E-04  0.625819E+00  0.446196E+00  0.990674E-06  0.196605E-04  0.267496E+00
  0.902492E-04  0.980191E+00  0.155562E+00  0.102744E-04  0.630647E+00  0.338514E+00  0.609761E-06  0.138964E-04  0.205563E+00
  0.330542E-04  0.988916E+00  0.537196E-01  0.765165E-05  0.632549E+00  0.158812E+00  0.142187E-06  0.184921E-05  0.943993E-01
  0.000000E+00  0.990810E+00 -0.217566E-01  0.761640E-05  0.632210E+00  0.142855E-01  0.128911E-07 -0.275966E-06  0.855104E-02
  0.000000E+00  0.990817E+00 -0.274924E-01  0.758344E-05  0.631756E+00  0.402074E-02  0.442412E-08  0.640858E-06  0.204021E-02
  0.000000E+00  0.990013E+00 -0.277477E-01  0.750272E-05  0.627292E+00  0.294434E-03  0.829655E-09 -0.418875E-06 -0.332003E-03
  0.000000E+00  0.983178E+00 -0.272094E-01  0.747110E-05  0.626790E+00  0.626259E-03  0.908189E-09  0.179906E-07 -0.102886E-03
  0.000000E+00  0.982634E+00 -0.257406E-01  0.744250E-05  0.626359E+00  0.454321E-02  0.961964E-08  0.184480E-05  0.255123E-02
  0.000000E+00  0.982759E+00 -0.117800E-01  0.741286E-05  0.626405E+00  0.248286E-01  0.615211E-07  0.487218E-05  0.159631E-01
  0.000000E+00  0.983809E+00  0.334761E-01  0.738512E-05  0.629361E+00  0.124085E+00  0.372613E-06  0.725017E-05  0.808111E-01
  0.188469E-05  0.987494E+00  0.125699E+00  0.847444E-05  0.635980E+00  0.266166E+00  0.723913E-06  0.202839E-04  0.168134E+00
  0.886614E-04  0.995234E+00  0.197458E+00  0.101703E-04  0.643257E+00  0.436717E+00  0.148733E-05  0.232754E-04  0.258911E+00
  0.885657E-04  0.100534E+01  0.207890E+00  0.101590E-04  0.650697E+00  0.463960E+00  0.103394E-05  0.194595E-04  0.277954E+00
  0.884667E-04  0.101619E+01  0.160259E+00  0.100865E-04  0.655701E+00  0.349874E+00  0.634194E-06  0.137668E-04  0.212341E+00
  0.324014E-04  0.102522E+01  0.556854E-01  0.751493E-05  0.657570E+00  0.164375E+00  0.150168E-06  0.183236E-05  0.976632E-01
  0.000000E+00  0.102657E+01 -0.219326E-01  0.747981E-05  0.657200E+00  0.148734E-01  0.135316E-07 -0.278656E-06  0.889392E-02
  0.000000E+00  0.102647E+01 -0.278643E-01  0.744698E-05  0.656722E+00  0.403655E-02  0.450051E-08  0.621277E-06  0.202749E-02
  0.000000E+00  0.102561E+01 -0.281292E-01  0.736725E-05  0.652081E+00  0.299553E-03  0.849672E-09 -0.422665E-06 -0.346717E-03
  0.000000E+00  0.101851E+01 -0.275603E-01  0.733577E-05  0.651558E+00  0.651601E-03  0.941876E-09  0.207774E-07 -0.987580E-04
  0.000000E+00  0.101791E+01 -0.264755E-01  0.730828E-05  0.651115E+00  0.432731E-02  0.874754E-08  0.176752E-05  0.225730E-02
  0.000000E+00  0.101782E+01 -0.114409E-01  0.727875E-05  0.651182E+00  0.258612E-01  0.644656E-07  0.478534E-05  0.167709E-01
  0.000000E+00  0.101825E+01  0.354582E-01  0.725111E-05  0.654424E+00  0.129141E+00  0.391475E-06  0.718559E-05  0.840881E-01
  0.184840E-05  0.102239E+01  0.129623E+00  0.832437E-05  0.661216E+00  0.275640E+00  0.754837E-06  0.197809E-04  0.174050E+00
  0.869135E-04  0.103060E+01  0.203502E+00  0.998643E-05  0.669437E+00  0.451578E+00  0.153834E-05  0.234345E-04  0.267653E+00
  0.868197E-04  0.104620E+01  0.216262E+00  0.997529E-05  0.677247E+00  0.483020E+00  0.107776E-05  0.192724E-04  0.289347E+00
  0.867227E-04  0.105787E+01  0.167568E+00  0.990290E-05  0.682483E+00  0.365612E+00  0.663024E-06  0.136339E-04  0.221895E+00
  0.317626E-04  0.106585E+01  0.586936E-01  0.738147E-05  0.684737E+00  0.171786E+00  0.158263E-06  0.180653E-05  0.102045E+00
  0.000000E+00  0.106685E+01 -0.219070E-01  0.734647E-05  0.684374E+00  0.155211E-01  0.140737E-07 -0.284043E-06  0.927600E-02
  0.000000E+00  0.106688E+01 -0.279075E-01  0.731376E-05  0.683883E+00  0.435187E-02  0.474395E-08  0.636193E-06  0.221597E-02
  0.000000E+00  0.106602E+01 -0.284097E-01  0.723498E-05  0.679051E+00  0.310947E-03  0.869951E-09 -0.425389E-06 -0.361649E-03
  0.000000E+00  0.105864E+01 -0.278012E-01  0.720362E-05  0.678504E+00  0.678898E-03  0.974900E-09  0.222000E-07 -0.954318E-04
  0.000000E+00  0.105806E+01 -0.266619E-01  0.717624E-05  0.678049E+00  0.450505E-02  0.911465E-08  0.175217E-05  0.235703E-02
  0.000000E+00  0.105825E+01 -0.109713E-01  0.714683E-05  0.678097E+00  0.270694E-01  0.678416E-07  0.472641E-05  0.175648E-01
  0.000000E+00  0.105988E+01  0.381328E-01  0.711931E-05  0.681337E+00  0.135262E+00  0.413235E-06  0.710539E-05  0.880765E-01
  0.181282E-05  0.106357E+01  0.134475E+00  0.817669E-05  0.688693E+00  0.287183E+00  0.790315E-06  0.192232E-04  0.181281E+00
  0.852001E-04  0.107243E+01  0.211171E+00  0.980559E-05  0.696459E+00  0.469751E+00  0.159838E-05  0.236737E-04  0.278417E+00
  0.851080E-04  0.108218E+01  0.222420E+00  0.979465E-05  0.704952E+00  0.498963E+00  0.111730E-05  0.191054E-04  0.298760E+00
  0.850130E-04  0.109383E+01  0.172761E+00  0.972244E-05  0.710370E+00  0.378099E+00  0.687638E-06  0.134979E-04  0.229440E+00
  0.311364E-04  0.110415E+01  0.611895E-01  0.725016E-05  0.712418E+00  0.178288E+00  0.166813E-06  0.181429E-05  0.105891E+00
  0.000000E+00  0.110581E+01 -0.219390E-01  0.724207E-05  0.712019E+00  0.161368E-01  0.144499E-07 -0.276305E-06  0.963463E-02
  0.000000E+00  0.110574E+01 -0.280882E-01  0.723425E-05  0.711504E+00  0.454088E-02  0.494163E-08  0.636695E-06  0.231462E-02
  0.000000E+00  0.110483E+01 -0.287387E-01  0.718082E-05  0.706477E+00  0.318370E-03  0.883025E-09 -0.427477E-06 -0.381524E-03
  0.000000E+00  0.109724E+01 -0.280842E-01  0.717281E-05  0.705917E+00  0.709101E-03  0.101496E-08  0.257869E-07 -0.940516E-04
  0.000000E+00  0.109661E+01 -0.268415E-01  0.716558E-05  0.705440E+00  0.471292E-02  0.955637E-08  0.173963E-05  0.247522E-02
  0.000000E+00  0.109667E+01 -0.104270E-01  0.715759E-05  0.705446E+00  0.284054E-01  0.716513E-07  0.467444E-05  0.184393E-01
  0.000000E+00  0.109685E+01  0.404851E-01  0.714986E-05  0.709059E+00  0.140863E+00  0.433649E-06  0.701778E-05  0.916996E-01
  0.210701E-05  0.110144E+01  0.139357E+00  0.108662E-03  0.717130E+00  0.298182E+00  0.826005E-06  0.187493E-04  0.188154E+00
  0.133250E-03  0.111576E+01  0.219033E+00  0.113925E-03  0.725664E+00  0.488280E+00  0.166157E-05  0.237402E-04  0.289287E+00
  0.330684E-03  0.112809E+01  0.231605E+00  0.119556E-03  0.734134E+00  0.519504E+00  0.116857E-05  0.190241E-04  0.310973E+00
  0.406634E-03  0.114117E+01  0.180581E+00  0.119431E-03  0.739908E+00  0.394787E+00  0.719502E-06  0.133813E-04  0.239484E+00
  0.148939E-03  0.115037E+01  0.644616E-01  0.107644E-03  0.742256E+00  0.186285E+00  0.177056E-06  0.183391E-05  0.110597E+00
  0.000000E+00  0.115180E+01 -0.275278E-01  0.107512E-03  0.741862E+00  0.169873E-01  0.151510E-07 -0.291784E-06  0.101182E-01
  0.000000E+00  0.115184E+01 -0.342525E-01  0.107386E-03  0.741330E+00  0.476465E-02  0.514222E-08  0.664163E-06  0.241323E-02
  0.000000E+00  0.115092E+01 -0.343797E-01  0.106582E-03  0.736092E+00  0.338677E-03  0.932524E-09 -0.419846E-06 -0.419301E-03
  0.000000E+00  0.114303E+01 -0.331965E-01  0.106453E-03  0.735510E+00  0.742911E-03  0.105561E-08  0.376117E-07 -0.113408E-03
  0.000000E+00  0.114241E+01 -0.311036E-01  0.106333E-03  0.735006E+00  0.542603E-02  0.115866E-07  0.182600E-05  0.308229E-02
  0.000000E+00  0.114264E+01 -0.140575E-01  0.106206E-03  0.735062E+00  0.300899E-01  0.763913E-07  0.476205E-05  0.193756E-01
  0.000000E+00  0.114300E+01  0.433715E-01  0.106083E-03  0.738862E+00  0.147586E+00  0.457063E-06  0.706011E-05  0.960631E-01
  0.222568E-04  0.114738E+01  0.151292E+00  0.123262E-03  0.746813E+00  0.311202E+00  0.867248E-06  0.187014E-04  0.196365E+00
  0.417703E-03  0.115643E+01  0.229290E+00  0.125256E-03  0.755477E+00  0.504034E+00  0.173618E-05  0.220723E-04  0.298166E+00
  0.417481E-03  0.116800E+01  0.240691E+00  0.125117E-03  0.764187E+00  0.535682E+00  0.121776E-05  0.184856E-04  0.320367E+00
  0.417015E-03  0.118045E+01  0.187014E+00  0.124977E-03  0.770151E+00  0.406832E+00  0.746908E-06  0.130318E-04  0.246587E+00
  0.152741E-03  0.118925E+01  0.675089E-01  0.112879E-03  0.772645E+00  0.192243E+00  0.185651E-06  0.180919E-05  0.114079E+00
  0.000000E+00  0.119073E+01 -0.286967E-01  0.112734E-03  0.772234E+00  0.175527E-01  0.157024E-07 -0.336006E-06  0.104361E-01
  0.000000E+00  0.119077E+01 -0.356861E-01  0.112595E-03  0.771679E+00  0.477061E-02  0.516334E-08  0.650092E-06  0.238520E-02
  0.000000E+00  0.118981E+01 -0.356251E-01  0.111746E-03  0.766226E+00  0.337339E-03  0.935605E-09 -0.423568E-06 -0.442688E-03
  0.000000E+00  0.118165E+01 -0.343221E-01  0.111605E-03  0.765621E+00  0.771022E-03  0.107941E-08  0.420826E-07 -0.114233E-03
  0.000000E+00  0.118101E+01 -0.326269E-01  0.111478E-03  0.765108E+00  0.512406E-02  0.103771E-07  0.176103E-05  0.269979E-02
  0.000000E+00  0.118126E+01 -0.142299E-01  0.111339E-03  0.765175E+00  0.312189E-01  0.796595E-07  0.466843E-05  0.202777E-01
  0.000000E+00  0.118241E+01  0.464579E-01  0.111205E-03  0.769686E+00  0.153298E+00  0.477648E-06  0.696283E-05  0.997587E-01
  0.229867E-04  0.119295E+01  0.159151E+00  0.162978E-03  0.778020E+00  0.323720E+00  0.907704E-06  0.181793E-04  0.204212E+00
  0.503061E-03  0.120257E+01  0.239085E+00  0.167428E-03  0.787021E+00  0.523048E+00  0.180703E-05  0.217362E-04  0.309279E+00
  0.510767E-03  0.121497E+01  0.251393E+00  0.167241E-03  0.796156E+00  0.557141E+00  0.127212E-05  0.181830E-04  0.333079E+00
  0.510197E-03  0.122778E+01  0.196204E+00  0.167005E-03  0.802472E+00  0.424842E+00  0.782196E-06  0.127900E-04  0.257511E+00
  0.186869E-03  0.123688E+01  0.718065E-01  0.152190E-03  0.805140E+00  0.201075E+00  0.196281E-06  0.179492E-05  0.119309E+00
  0.000000E+00  0.123856E+01 -0.297409E-01  0.151998E-03  0.804716E+00  0.184569E-01  0.165475E-07 -0.335175E-06  0.109654E-01
  0.000000E+00  0.123864E+01 -0.370303E-01  0.151814E-03  0.804140E+00  0.517766E-02  0.548292E-08  0.673970E-06  0.262090E-02
  0.000000E+00  0.123765E+01 -0.370441E-01  0.150672E-03  0.798459E+00  0.350976E-03  0.950977E-09 -0.422737E-06 -0.465084E-03
  0.000000E+00  0.122917E+01 -0.356341E-01  0.150485E-03  0.797828E+00  0.806787E-03  0.112121E-08  0.454561E-07 -0.122483E-03
  0.000000E+00  0.122851E+01 -0.337994E-01  0.150317E-03  0.797294E+00  0.538403E-02  0.108990E-07  0.176063E-05  0.283941E-02
  0.000000E+00  0.122879E+01 -0.142984E-01  0.150132E-03  0.797381E+00  0.329046E-01  0.844851E-07  0.463604E-05  0.213829E-01
  0.000000E+00  0.122992E+01  0.502539E-01  0.149953E-03  0.801542E+00  0.160633E+00  0.504475E-06  0.686642E-05  0.104520E+00
  0.144761E-04  0.123537E+01  0.165735E+00  0.209285E-03  0.810202E+00  0.336175E+00  0.948757E-06  0.176000E-04  0.212004E+00
  0.601909E-03  0.124499E+01  0.247627E+00  0.213813E-03  0.819570E+00  0.540993E+00  0.187003E-05  0.218068E-04  0.319778E+00
  0.606970E-03  0.125680E+01  0.259595E+00  0.213574E-03  0.829543E+00  0.575286E+00  0.131843E-05  0.179608E-04  0.343744E+00
  0.606293E-03  0.127478E+01  0.203995E+00  0.213282E-03  0.836361E+00  0.441147E+00  0.816543E-06  0.125800E-04  0.267289E+00
  0.248327E-03  0.128422E+01  0.755430E-01  0.195663E-03  0.839120E+00  0.209145E+00  0.206966E-06  0.177843E-05  0.124067E+00
  0.000000E+00  0.128631E+01 -0.596759E-01  0.195421E-03  0.838683E+00  0.194543E-01  0.175408E-07 -0.355799E-06  0.115095E-01
  0.000000E+00  0.128642E+01 -0.682131E-01  0.195188E-03  0.838083E+00  0.547276E-02  0.578210E-08  0.690798E-06  0.269522E-02
