  0.000000E+00  0.422089E-01 -0.271097E-05  0.575496E-05  0.392384E-02  0.000000E+00  0.000000E+00 -0.278443E-06
  0.000000E+00  0.421874E-01 -0.147423E-04  0.574895E-05  0.391958E-02  0.000000E+00  0.000000E+00  0.164307E-05
  0.000000E+00  0.421188E-01 -0.533551E-04  0.574254E-05  0.391135E-02  0.000000E+00  0.000000E+00  0.261589E-05
  0.000000E+00  0.419282E-01 -0.332872E-03  0.573634E-05  0.387696E-02  0.000000E+00  0.000000E+00  0.353068E-05
  0.000000E+00  0.412047E-01 -0.750748E-03  0.572994E-05  0.379361E-02  0.000000E+00  0.000000E+00  0.161068E-05
  0.705183E-04  0.414748E-01  0.233449E-01  0.978921E-05  0.508576E-02  0.376104E-01  0.967962E-07  0.218405E-04
  0.141635E-03  0.503686E-01  0.331125E-01  0.977829E-05  0.678846E-02  0.538238E-01  0.883136E-07  0.162929E-04
  0.109535E-03  0.744271E-01  0.363706E-01  0.571099E-05  0.920176E-02  0.589637E-01  0.744650E-07  0.132976E-04
  0.000000E+00  0.832843E-01  0.156788E-01  0.570482E-05  0.995243E-02  0.265315E-01  0.163152E-07 -0.615348E-06
  0.000000E+00  0.873141E-01  0.100581E-02  0.569846E-05  0.100381E-01  0.226718E-02  0.204688E-08 -0.995596E-06
  0.000000E+00  0.878074E-01 -0.218677E-04  0.569231E-05  0.100537E-01  0.615515E-03  0.509334E-09 -0.348003E-06
  0.000000E+00  0.878414E-01 -0.355618E-03  0.565026E-05  0.998400E-02  0.421474E-04  0.690090E-10 -0.700970E-06
  0.000000E+00  0.872423E-01 -0.363474E-03  0.564396E-05  0.997574E-02  0.776251E-07  0.157982E-11 -0.284707E-06
  0.000000E+00  0.871669E-01 -0.279347E-03  0.563827E-05  0.996815E-02  0.000000E+00  0.000000E+00  0.624409E-06
  0.000000E+00  0.870953E-01 -0.247984E-03  0.563198E-05  0.995855E-02  0.000000E+00  0.000000E+00  0.198954E-05
  0.000000E+00  0.869566E-01 -0.274129E-03  0.562590E-05  0.993664E-02  0.000000E+00  0.000000E+00  0.405654E-05
  0.000000E+00  0.888664E-01  0.144505E-01  0.561963E-05  0.109464E-01  0.222026E-01  0.390023E-07  0.428646E-05
  0.139059E-03  0.985130E-01  0.652935E-01  0.960074E-05  0.145502E-01  0.107019E+00  0.272159E-06  0.329901E-04
  0.138908E-03  0.121842E+00  0.799485E-01  0.959003E-05  0.193166E-01  0.130350E+00  0.217075E-06  0.203218E-04
  0.138750E-03  0.150659E+00  0.754696E-01  0.957933E-05  0.236570E-01  0.122703E+00  0.160403E-06  0.158750E-04
  0.508214E-04  0.162749E+00  0.324096E-01  0.559499E-05  0.253675E-01  0.552491E-01  0.328953E-07  0.837786E-07
  0.000000E+00  0.172575E+00  0.190522E-02  0.558875E-05  0.255760E-01  0.473570E-02  0.390786E-08 -0.101730E-05
  0.000000E+00  0.173802E+00 -0.178054E-03  0.558272E-05  0.256166E-01  0.134559E-02  0.102852E-08 -0.278556E-06
  0.000000E+00  0.173945E+00 -0.894855E-03  0.554148E-05  0.254390E-01  0.876288E-04  0.124228E-09 -0.744226E-06
  0.000000E+00  0.172791E+00 -0.880624E-03  0.553530E-05  0.254260E-01  0.179384E-03  0.138785E-09 -0.285965E-06
  0.000000E+00  0.172707E+00 -0.950480E-03  0.552972E-05  0.254068E-01  0.000000E+00  0.000000E+00  0.813696E-06
  0.000000E+00  0.172564E+00 -0.878260E-03  0.552355E-05  0.253832E-01  0.000000E+00  0.000000E+00  0.247210E-05
  0.000000E+00  0.172353E+00  0.151477E-02  0.551759E-05  0.254907E-01  0.243983E-02  0.638639E-08  0.471098E-05
  0.440265E-05  0.179003E+00  0.657562E-01  0.479181E-04  0.294271E-01  0.102629E+00  0.214921E-06  0.103740E-04
  0.353333E-03  0.198590E+00  0.134015E+00  0.616258E-04  0.369113E-01  0.219451E+00  0.569083E-06  0.446628E-04
  0.675660E-03  0.228089E+00  0.150977E+00  0.636499E-04  0.456330E-01  0.247177E+00  0.420038E-06  0.253761E-04
  0.681659E-03  0.258572E+00  0.128853E+00  0.635789E-04  0.530964E-01  0.209201E+00  0.285377E-06  0.184309E-04
  0.249672E-03  0.281434E+00  0.599219E-01  0.439871E-04  0.565092E-01  0.100659E+00  0.599811E-07  0.110318E-05
  0.000000E+00  0.287348E+00  0.352762E-02  0.439380E-04  0.567441E-01  0.875608E-02  0.689445E-08 -0.763762E-06
  0.000000E+00  0.288927E+00 -0.427730E-03  0.438906E-04  0.567938E-01  0.239523E-02  0.178626E-08 -0.161602E-06
  0.000000E+00  0.289140E+00 -0.172576E-02  0.435664E-04  0.563980E-01  0.154577E-03  0.200137E-09 -0.766017E-06
  0.000000E+00  0.287220E+00 -0.167633E-02  0.435177E-04  0.563649E-01  0.341569E-03  0.262076E-09 -0.286534E-06
  0.000000E+00  0.287759E+00 -0.225795E-03  0.434739E-04  0.564184E-01  0.237283E-02  0.292771E-08  0.128861E-05
  0.000000E+00  0.288970E+00  0.760233E-02  0.434254E-04  0.569416E-01  0.137133E-01  0.257019E-07  0.353277E-05
  0.000000E+00  0.290665E+00  0.484255E-01  0.433785E-04  0.597365E-01  0.760398E-01  0.189097E-06  0.582134E-05
  0.216139E-04  0.299071E+00  0.114815E+00  0.108555E-03  0.663953E-01  0.179659E+00  0.382839E-06  0.171126E-04
  0.108298E-02  0.317877E+00  0.212593E+00  0.123095E-03  0.781506E-01  0.348758E+00  0.908943E-06  0.462948E-04
  0.117338E-02  0.348192E+00  0.227936E+00  0.122958E-03  0.912458E-01  0.374560E+00  0.656478E-06  0.268072E-04
  0.117208E-02  0.379635E+00  0.187805E+00  0.122821E-03  0.102064E+00  0.305405E+00  0.432034E-06  0.190117E-04
  0.429297E-03  0.403426E+00  0.863266E-01  0.891189E-04  0.106933E+00  0.145223E+00  0.881702E-07  0.115009E-05
  0.000000E+00  0.408953E+00  0.521481E-02  0.890195E-04  0.107266E+00  0.126635E-01  0.959638E-08 -0.789257E-06
  0.000000E+00  0.411399E+00 -0.502308E-03  0.889234E-04  0.107331E+00  0.356374E-02  0.267137E-08 -0.497495E-07
  0.000000E+00  0.411779E+00 -0.245984E-02  0.882665E-04  0.106581E+00  0.224628E-03  0.295004E-09 -0.776803E-06
  0.000000E+00  0.409055E+00 -0.233191E-02  0.881681E-04  0.106515E+00  0.533669E-03  0.414303E-09 -0.263655E-06
  0.000000E+00  0.410002E+00  0.154099E-03  0.880761E-04  0.106620E+00  0.400443E-02  0.544459E-08  0.158388E-05
  0.000000E+00  0.410676E+00  0.113268E-01  0.879778E-04  0.107340E+00  0.206096E-01  0.392219E-07  0.418340E-05
  0.000000E+00  0.412169E+00  0.703852E-01  0.878828E-04  0.111402E+00  0.110960E+00  0.277924E-06  0.643154E-05
  0.371625E-04  0.419895E+00  0.162492E+00  0.263245E-03  0.120797E+00  0.254933E+00  0.558649E-06  0.191469E-04
  0.208812E-02  0.436959E+00  0.288146E+00  0.300242E-03  0.136646E+00  0.474201E+00  0.125714E-05  0.460578E-04
  0.243052E-02  0.466801E+00  0.302104E+00  0.299907E-03  0.153894E+00  0.498144E+00  0.906559E-06  0.270054E-04
  0.242781E-02  0.497349E+00  0.245122E+00  0.299573E-03  0.167923E+00  0.399722E+00  0.590480E-06  0.191993E-04
  0.889236E-03  0.521399E+00  0.114001E+00  0.229715E-03  0.174299E+00  0.192186E+00  0.123117E-06  0.154854E-05
  0.000000E+00  0.527254E+00  0.699886E-02  0.229459E-03  0.174745E+00  0.169128E-01  0.127945E-07 -0.729950E-06
  0.000000E+00  0.530718E+00 -0.768687E-03  0.229211E-03  0.174812E+00  0.461493E-02  0.354045E-08  0.527305E-07
  0.000000E+00  0.531266E+00 -0.325373E-02  0.227518E-03  0.173588E+00  0.302170E-03  0.403413E-09 -0.769182E-06
  0.000000E+00  0.527747E+00 -0.313367E-02  0.227264E-03  0.173473E+00  0.732133E-03  0.573746E-09 -0.224000E-06
  0.000000E+00  0.528308E+00 -0.355173E-03  0.227035E-03  0.173525E+00  0.486626E-02  0.628890E-08  0.162370E-05
  0.000000E+00  0.528138E+00  0.150960E-01  0.226782E-03  0.174467E+00  0.273888E-01  0.532535E-07  0.446520E-05
  0.000000E+00  0.529401E+00  0.916605E-01  0.226537E-03  0.179752E+00  0.145147E+00  0.368386E-06  0.690183E-05
  0.770345E-04  0.536397E+00  0.208847E+00  0.553489E-03  0.191782E+00  0.327957E+00  0.740323E-06  0.211014E-04
  0.390003E-02  0.551490E+00  0.357903E+00  0.609023E-03  0.211345E+00  0.590948E+00  0.159937E-05  0.444915E-04
  0.430580E-02  0.580091E+00  0.371355E+00  0.608343E-03  0.232435E+00  0.614552E+00  0.115684E-05  0.258892E-04
  0.430100E-02  0.609679E+00  0.300446E+00  0.607665E-03  0.249534E+00  0.490952E+00  0.748680E-06  0.182467E-04
  0.157533E-02  0.633600E+00  0.139864E+00  0.483825E-03  0.257301E+00  0.236064E+00  0.157623E-06  0.149961E-05
  0.000000E+00  0.640105E+00  0.877778E-02  0.483285E-03  0.257863E+00  0.211292E-01  0.161116E-07 -0.694343E-06
  0.000000E+00  0.644480E+00 -0.757463E-03  0.482763E-03  0.257918E+00  0.603279E-02  0.470993E-08  0.171333E-06
  0.000000E+00  0.644746E+00 -0.398459E-02  0.479198E-03  0.256101E+00  0.391883E-03  0.527058E-09 -0.752681E-06
  0.000000E+00  0.640339E+00 -0.385451E-02  0.478663E-03  0.255922E+00  0.935355E-03  0.751204E-09 -0.184765E-06
  0.000000E+00  0.639870E+00 -0.378683E-03  0.478181E-03  0.255945E+00  0.615312E-02  0.820382E-08  0.168393E-05
  0.000000E+00  0.639669E+00  0.190163E-01  0.477647E-03  0.257103E+00  0.345065E-01  0.692195E-07  0.469183E-05
  0.000000E+00  0.640756E+00  0.112953E+00  0.477132E-03  0.263608E+00  0.179562E+00  0.463915E-06  0.715599E-05
  0.136568E-03  0.647034E+00  0.253870E+00  0.108622E-02  0.278209E+00  0.399686E+00  0.933907E-06  0.210349E-04
  0.669946E-02  0.660557E+00  0.422541E+00  0.117510E-02  0.301146E+00  0.700198E+00  0.194021E-05  0.420266E-04
  0.729767E-02  0.687470E+00  0.436050E+00  0.117379E-02  0.325744E+00  0.724150E+00  0.140815E-05  0.243743E-04
  0.728953E-02  0.716336E+00  0.353145E+00  0.117248E-02  0.345703E+00  0.578351E+00  0.917788E-06  0.170030E-04
  0.266994E-02  0.739727E+00  0.166024E+00  0.962433E-03  0.354858E+00  0.280908E+00  0.199040E-06  0.158449E-05
  0.000000E+00  0.746907E+00  0.107393E-01  0.961359E-03  0.355528E+00  0.253660E-01  0.195116E-07 -0.643773E-06
  0.000000E+00  0.751343E+00 -0.662357E-03  0.960322E-03  0.355523E+00  0.721804E-02  0.569890E-08  0.249346E-06
  0.000000E+00  0.751024E+00 -0.458615E-02  0.953228E-03  0.353019E+00  0.482868E-03  0.665614E-09 -0.732039E-06
  0.000000E+00  0.745963E+00 -0.441105E-02  0.952165E-03  0.352768E+00  0.111849E-02  0.904344E-09 -0.147159E-06
  0.000000E+00  0.745501E+00 -0.352307E-03  0.951205E-03  0.352761E+00  0.730394E-02  0.992666E-08  0.170311E-05
  0.000000E+00  0.745215E+00  0.229140E-01  0.950144E-03  0.354113E+00  0.414088E-01  0.855469E-07  0.479784E-05
  0.000000E+00  0.746129E+00  0.133025E+00  0.949118E-03  0.361761E+00  0.212235E+00  0.558886E-06  0.724703E-05
  0.231639E-03  0.751741E+00  0.295942E+00  0.199540E-02  0.378776E+00  0.467472E+00  0.112563E-05  0.201569E-04
  0.109273E-01  0.763729E+00  0.481018E+00  0.212719E-02  0.404685E+00  0.801254E+00  0.227996E-05  0.391164E-04
  0.117157E-01  0.789338E+00  0.496350E+00  0.212482E-02  0.432480E+00  0.827718E+00  0.166529E-05  0.228088E-04
  0.117026E-01  0.817160E+00  0.403478E+00  0.212245E-02  0.449015E+00  0.662522E+00  0.107947E-05  0.159369E-04
  0.428633E-02  0.834587E+00  0.181628E+00  0.178499E-02  0.456652E+00  0.320616E+00  0.239415E-06  0.152931E-05
  0.000000E+00  0.841292E+00  0.442962E-02  0.178300E-02  0.457365E+00  0.294089E-01  0.234450E-07 -0.595481E-06
  0.000000E+00  0.844059E+00 -0.859745E-02  0.178107E-02  0.457207E+00  0.827243E-02  0.668638E-08  0.289008E-06
  0.000000E+00  0.843255E+00 -0.124637E-01  0.176791E-02  0.453987E+00  0.560613E-03  0.788503E-09 -0.718856E-06
  0.000000E+00  0.837587E+00 -0.118282E-01  0.176594E-02  0.453657E+00  0.128328E-02  0.106203E-08 -0.121806E-06
  0.000000E+00  0.837076E+00 -0.648926E-02  0.176410E-02  0.453557E+00  0.924763E-02  0.139132E-07  0.176775E-05
  0.000000E+00  0.836634E+00  0.197804E-01  0.176213E-02  0.454520E+00  0.482960E-01  0.102561E-06  0.478239E-05
  0.000000E+00  0.837120E+00  0.141272E+00  0.176023E-02  0.461145E+00  0.242452E+00  0.653155E-06  0.713884E-05
  0.372153E-03  0.846238E+00  0.321476E+00  0.345439E-02  0.473808E+00  0.528732E+00  0.130356E-05  0.188221E-04
  0.169654E-01  0.852907E+00  0.493194E+00  0.364105E-02  0.177595E-02  0.892348E+00  0.259327E-05  0.363684E-04
  0.179453E-01  0.881402E+00  0.497369E+00  0.363699E-02  0.244207E-02  0.922646E+00  0.190549E-05  0.212477E-04
  0.179252E-01  0.904678E+00  0.400172E+00  0.363293E-02  0.375989E-02  0.735459E+00  0.123610E-05  0.149653E-04
  0.656549E-02  0.936555E+00  0.176689E+00  0.311562E-02  0.430252E-02  0.360392E+00  0.277785E-06  0.146581E-05
  0.000000E+00  0.945852E+00 -0.133216E-01  0.311214E-02  0.434562E-02  0.336794E-01  0.272813E-07 -0.549011E-06
  0.000000E+00  0.948648E+00 -0.275871E-01  0.310878E-02  0.435365E-02  0.906062E-02  0.740631E-08  0.315487E-06
  0.000000E+00  0.947820E+00 -0.301802E-01  0.308582E-02  0.432363E-02  0.630919E-03  0.892471E-09 -0.706891E-06
  0.000000E+00  0.941446E+00 -0.285502E-01  0.308238E-02  0.432199E-02  0.146278E-02  0.121161E-08 -0.919646E-07
  0.000000E+00  0.940947E+00 -0.237598E-01  0.307927E-02  0.433173E-02  0.961282E-02  0.134893E-07  0.171055E-05
  0.000000E+00  0.940895E+00  0.817005E-02  0.307584E-02  0.442241E-02  0.553031E-01  0.119457E-06  0.473027E-05
  0.000000E+00  0.944210E+00  0.139653E+00  0.307252E-02  0.497765E-02  0.277151E+00  0.761653E-06  0.709498E-05
  0.430360E-05  0.951337E+00  0.341062E+00  0.308019E-02  0.678856E-02  0.594619E+00  0.149229E-05  0.175855E-04
  0.176505E-01  0.971671E+00  0.513235E+00  0.358123E-02  0.885759E-02  0.998786E+00  0.293888E-05  0.336340E-04
  0.176370E-01  0.100531E+01  0.529912E+00  0.357724E-02  0.125018E-01  0.103710E+01  0.218101E-05  0.197479E-04
  0.176174E-01  0.105098E+01  0.446500E+00  0.357325E-02  0.154215E-01  0.847655E+00  0.144753E-05  0.138819E-04
  0.152001E-01  0.108019E+01  0.200019E+00  0.306482E-02  0.167667E-01  0.422273E+00  0.341225E-06  0.147893E-05
  0.000000E+00  0.109582E+01 -0.149380E-01  0.306140E-02  0.169884E-01  0.402954E-01  0.340221E-07 -0.420460E-06
  0.000000E+00  0.109945E+01 -0.316767E-01  0.305809E-02  0.170370E-01  0.112196E-01  0.928844E-08  0.424167E-06
  0.000000E+00  0.109876E+01 -0.353756E-01  0.303550E-02  0.169208E-01  0.767772E-03  0.107789E-08 -0.681188E-06
  0.000000E+00  0.109140E+01 -0.330805E-01  0.303212E-02  0.169166E-01  0.174828E-02  0.145724E-08 -0.564537E-07
  0.000000E+00  0.109121E+01 -0.275233E-01  0.302906E-02  0.169675E-01  0.115486E-01  0.164122E-07  0.173582E-05
  0.000000E+00  0.109295E+01  0.109188E-01  0.302568E-02  0.174076E-01  0.664828E-01  0.146898E-06  0.471814E-05
  0.000000E+00  0.109923E+01  0.163142E+00  0.302242E-02  0.197982E-01  0.328992E+00  0.925157E-06  0.700083E-05
  0.736225E-05  0.111910E+01  0.395889E+00  0.304042E-02  0.235250E-01  0.701628E+00  0.179442E-05  0.159269E-04
  0.173719E-01  0.114894E+01  0.585165E+00  0.353234E-02  0.300979E-01  0.115312E+01  0.345244E-05  0.311513E-04
  0.173636E-01  0.120112E+01  0.620473E+00  0.352840E-02  0.371177E-01  0.121307E+01  0.261218E-05  0.183867E-04
  0.173442E-01  0.125114E+01  0.529209E+00  0.352446E-02  0.446864E-01  0.994936E+00  0.173729E-05  0.127513E-04
  0.149256E-01  0.130478E+01  0.247806E+00  0.302391E-02  0.483236E-01  0.504962E+00  0.427698E-06  0.142423E-05
  0.000000E+00  0.131897E+01 -0.234472E-01  0.302053E-02  0.486548E-01  0.484638E-01  0.384603E-07 -0.566870E-06
  0.000000E+00  0.132352E+01 -0.430706E-01  0.301727E-02  0.487416E-01  0.137678E-01  0.111554E-07  0.471916E-06
  0.000000E+00  0.132296E+01 -0.451418E-01  0.299498E-02  0.484056E-01  0.902593E-03  0.120241E-08 -0.696161E-06
  0.000000E+00  0.131411E+01 -0.407001E-01  0.299164E-02  0.483849E-01  0.214796E-02  0.176544E-08 -0.341476E-07
  0.000000E+00  0.131437E+01 -0.343851E-01  0.298863E-02  0.484909E-01  0.141790E-01  0.201537E-07  0.178862E-05
  0.000000E+00  0.131607E+01  0.132462E-01  0.298529E-02  0.492686E-01  0.833357E-01  0.188792E-06  0.471843E-05
  0.000000E+00  0.132065E+01  0.202236E+00  0.298207E-02  0.526879E-01  0.401310E+00  0.115963E-05  0.681597E-05
  0.121749E-04  0.133993E+01  0.489609E+00  0.301474E-02  0.610567E-01  0.840844E+00  0.220177E-05  0.151367E-04
  0.171313E-01  0.138001E+01  0.708461E+00  0.349791E-02  0.713199E-01  0.131454E+01  0.411227E-05  0.236471E-04
  0.171304E-01  0.143304E+01  0.751030E+00  0.349401E-02  0.845388E-01  0.139989E+01  0.312371E-05  0.158255E-04
  0.171113E-01  0.150545E+01  0.644609E+00  0.349011E-02  0.962352E-01  0.117125E+01  0.210216E-05  0.108633E-04
  0.146694E-01  0.155514E+01  0.298711E+00  0.299626E-02  0.102081E+00  0.595391E+00  0.532998E-06  0.131136E-05
  0.000000E+00  0.157523E+01 -0.649628E-01  0.299292E-02  0.102724E+00  0.601011E-01  0.487851E-07 -0.598996E-06
  0.000000E+00  0.158179E+01 -0.875025E-01  0.298968E-02  0.102895E+00  0.170113E-01  0.135317E-07  0.549065E-06
  0.000000E+00  0.158166E+01 -0.821082E-01  0.296760E-02  0.102182E+00  0.107850E-02  0.136083E-08 -0.683776E-06
  0.000000E+00  0.157134E+01 -0.707840E-01  0.296429E-02  0.102755E+00  0.263631E-02  0.211877E-08  0.146229E-08
  0.000000E+00  0.157795E+01 -0.587841E-01  0.296120E-02  0.102937E+00  0.191137E-01  0.296841E-07  0.188224E-05
  0.000000E+00  0.157899E+01  0.251437E-02  0.295789E-02  0.104258E+00  0.105158E+00  0.243880E-06  0.468551E-05
  0.000000E+00  0.159081E+01  0.257187E+00  0.295470E-02  0.110523E+00  0.494096E+00  0.146049E-05  0.645504E-05
  0.552097E-03  0.161446E+01  0.607581E+00  0.131963E-01  0.123798E+00  0.101358E+01  0.270775E-05  0.132570E-04
  0.329948E-01  0.166288E+01  0.859818E+00  0.141497E-01  0.140042E+00  0.156015E+01  0.501249E-05  0.202930E-04
  0.519854E-01  0.173028E+01  0.920044E+00  0.142218E-01  0.159643E+00  0.168210E+01  0.390974E-05  0.138558E-04
  0.521901E-01  0.181448E+01  0.798190E+00  0.142060E-01  0.177469E+00  0.142221E+01  0.266108E-05  0.922287E-05
  0.449798E-01  0.187988E+01  0.379010E+00  0.126959E-01  0.187270E+00  0.730281E+00  0.690896E-06  0.129072E-05
  0.000000E+00  0.190990E+01 -0.601962E-01  0.126817E-01  0.188283E+00  0.745977E-01  0.613706E-07 -0.602128E-06
  0.000000E+00  0.191851E+01 -0.922991E-01  0.126680E-01  0.188500E+00  0.203803E-01  0.159432E-07  0.631720E-06
  0.000000E+00  0.191800E+01 -0.882939E-01  0.125744E-01  0.187181E+00  0.128020E-02  0.151281E-08 -0.670297E-06
  0.000000E+00  0.190513E+01 -0.766371E-01  0.125604E-01  0.187080E+00  0.326536E-02  0.254907E-08  0.455007E-07
  0.000000E+00  0.190490E+01 -0.633338E-01  0.125478E-01  0.187286E+00  0.214293E-01  0.299644E-07  0.188288E-05
  0.000000E+00  0.190513E+01  0.170535E-01  0.125338E-01  0.189364E+00  0.131562E+00  0.310724E-06  0.456389E-05
  0.000000E+00  0.191260E+01  0.331002E+00  0.125202E-01  0.198771E+00  0.609644E+00  0.183225E-05  0.604935E-05
  0.168407E-02  0.194326E+01  0.736948E+00  0.166426E-01  0.218723E+00  0.122044E+01  0.331450E-05  0.112726E-04
  0.596831E-01  0.200074E+01  0.103167E+01  0.168700E-01  0.241729E+00  0.185814E+01  0.621044E-05  0.175983E-04
  0.598931E-01  0.207124E+01  0.107190E+01  0.168512E-01  0.268479E+00  0.195197E+01  0.465057E-05  0.128043E-04
  0.598264E-01  0.216493E+01  0.937993E+00  0.168324E-01  0.292912E+00  0.166104E+01  0.314878E-05  0.819739E-05
  0.515027E-01  0.223478E+01  0.450407E+00  0.151008E-01  0.305921E+00  0.856665E+00  0.832666E-06  0.134642E-05
  0.000000E+00  0.227031E+01 -0.105992E-01  0.150839E-01  0.307426E+00  0.917909E-01  0.767991E-07 -0.539165E-06
  0.000000E+00  0.228012E+01 -0.501507E-01  0.150676E-01  0.307678E+00  0.255658E-01  0.193935E-07  0.720847E-06
  0.000000E+00  0.227916E+01 -0.583566E-01  0.149563E-01  0.305520E+00  0.150622E-02  0.162772E-08 -0.662265E-06
  0.000000E+00  0.226389E+01 -0.531799E-01  0.149396E-01  0.305341E+00  0.396254E-02  0.302825E-08  0.714870E-07
  0.000000E+00  0.226295E+01 -0.408396E-01  0.149246E-01  0.305554E+00  0.259245E-01  0.357941E-07  0.189801E-05
  0.000000E+00  0.226355E+01  0.526410E-01  0.149079E-01  0.308503E+00  0.161890E+00  0.386296E-06  0.447128E-05
  0.000000E+00  0.227638E+01  0.407592E+00  0.148918E-01  0.322147E+00  0.742741E+00  0.225236E-05  0.580349E-05
  0.395915E-04  0.231327E+01  0.854493E+00  0.149414E-01  0.349407E+00  0.144957E+01  0.394291E-05  0.970244E-05
  0.589380E-01  0.237580E+01  0.116702E+01  0.165989E-01  0.380178E+00  0.213991E+01  0.714515E-05  0.169892E-04
  0.589203E-01  0.246117E+01  0.120448E+01  0.165806E-01  0.414356E+00  0.222423E+01  0.536204E-05  0.119175E-04
  0.588551E-01  0.256272E+01  0.106703E+01  0.165621E-01  0.445957E+00  0.190060E+01  0.363133E-05  0.736467E-05
  0.505569E-01  0.265145E+01  0.513390E+00  0.148585E-01  0.462539E+00  0.980722E+00  0.972376E-06  0.139053E-05
  0.000000E+00  0.269838E+01  0.287870E-03  0.148420E-01  0.464730E+00  0.112897E+00  0.939084E-07 -0.506915E-06
  0.000000E+00  0.270795E+01 -0.483808E-01  0.148259E-01  0.464946E+00  0.307994E-01  0.222706E-07  0.847179E-06
  0.000000E+00  0.270584E+01 -0.601528E-01  0.147164E-01  0.461681E+00  0.180564E-02  0.181012E-08 -0.631546E-06
  0.000000E+00  0.268773E+01 -0.552217E-01  0.147000E-01  0.461393E+00  0.478527E-02  0.348496E-08  0.120721E-06
  0.000000E+00  0.268707E+01 -0.402750E-01  0.146852E-01  0.461634E+00  0.309572E-01  0.420644E-07  0.195378E-05
  0.000000E+00  0.268957E+01  0.735489E-01  0.146688E-01  0.465732E+00  0.197698E+00  0.476332E-06  0.448286E-05
  0.000000E+00  0.269919E+01  0.493149E+00  0.146530E-01  0.483789E+00  0.891270E+00  0.271586E-05  0.562953E-05
  0.528789E-04  0.274146E+01  0.994606E+00  0.147223E-01  0.519153E+00  0.169367E+01  0.460351E-05  0.872117E-05
  0.580320E-01  0.281323E+01  0.132154E+01  0.163480E-01  0.557908E+00  0.243939E+01  0.816664E-05  0.154909E-04
  0.580011E-01  0.289831E+01  0.133531E+01  0.163298E-01  0.599017E+00  0.248394E+01  0.605153E-05  0.111329E-04
  0.579365E-01  0.300690E+01  0.120051E+01  0.163116E-01  0.637626E+00  0.214076E+01  0.411813E-05  0.666526E-05
  0.496421E-01  0.309567E+01  0.569339E+00  0.146346E-01  0.657143E+00  0.109095E+01  0.109579E-05  0.143161E-05
  0.000000E+00  0.314401E+01  0.142727E-01  0.146183E-01  0.659830E+00  0.135817E+00  0.116318E-06 -0.431034E-06
  0.000000E+00  0.315345E+01 -0.450509E-01  0.146025E-01  0.660089E+00  0.360711E-01  0.250435E-07  0.958320E-06
  0.000000E+00  0.315140E+01 -0.603272E-01  0.144947E-01  0.655449E+00  0.211266E-02  0.204104E-08 -0.596648E-06
  0.000000E+00  0.313024E+01 -0.554985E-01  0.144785E-01  0.655034E+00  0.562002E-02  0.394955E-08  0.165351E-06
  0.000000E+00  0.312865E+01 -0.347552E-01  0.144634E-01  0.655418E+00  0.395723E-01  0.592655E-07  0.203080E-05
  0.000000E+00  0.312874E+01  0.958304E-01  0.144472E-01  0.660507E+00  0.235444E+00  0.570634E-06  0.453913E-05
  0.000000E+00  0.314060E+01  0.586105E+00  0.144316E-01  0.683607E+00  0.104798E+01  0.319877E-05  0.551101E-05
  0.689676E-04  0.318737E+01  0.112577E+01  0.145349E-01  0.726851E+00  0.192941E+01  0.521683E-05  0.783859E-05
  0.553795E-01  0.325696E+01  0.145046E+01  0.161318E-01  0.772858E+00  0.269949E+01  0.910466E-05  0.137527E-04
  0.572496E-01  0.335213E+01  0.143722E+01  0.161138E-01  0.818568E+00  0.269938E+01  0.665949E-05  0.103427E-04
  0.571858E-01  0.345681E+01  0.131221E+01  0.160958E-01  0.862880E+00  0.234546E+01  0.453007E-05  0.615772E-05
  0.488130E-01  0.354409E+01  0.609956E+00  0.144406E-01  0.881768E+00  0.117515E+01  0.117508E-05  0.145643E-05
  0.000000E+00  0.359430E+01  0.226427E-01  0.144245E-01  0.884719E+00  0.157436E+00  0.134927E-06 -0.404837E-06
  0.000000E+00  0.360201E+01 -0.475303E-01  0.144089E-01  0.884825E+00  0.398401E-01  0.264555E-07  0.991953E-06
  0.000000E+00  0.359970E+01 -0.647840E-01  0.143025E-01  0.878601E+00  0.235136E-02  0.212444E-08 -0.589666E-06
  0.000000E+00  0.357551E+01 -0.595574E-01  0.142865E-01  0.878021E+00  0.645811E-02  0.432205E-08  0.192981E-06
  0.000000E+00  0.357371E+01 -0.404892E-01  0.142721E-01  0.878144E+00  0.410749E-01  0.541446E-07  0.206213E-05
  0.000000E+00  0.357392E+01  0.115412E+00  0.142562E-01  0.883391E+00  0.271027E+00  0.654683E-06  0.454877E-05
  0.000000E+00  0.359013E+01  0.682983E+00  0.142408E-01  0.908476E+00  0.120614E+01  0.366772E-05  0.544815E-05
  0.907149E-04  0.364488E+01  0.123983E+01  0.143857E-01  0.952347E+00  0.215380E+01  0.577834E-05  0.733003E-05
  0.547705E-01  0.370830E+01  0.153458E+01  0.159558E-01  0.430018E+00  0.292569E+01  0.991829E-05  0.120713E-04
  0.566270E-01  0.380862E+01  0.147063E+01  0.159380E-01  0.454137E+00  0.286714E+01  0.713017E-05  0.975739E-05
  0.565636E-01  0.391025E+01  0.137017E+01  0.159202E-01  0.480560E+00  0.252030E+01  0.486446E-05  0.573182E-05
  0.480285E-01  0.400400E+01  0.612388E+00  0.142829E-01  0.491181E+00  0.124415E+01  0.124236E-05  0.152807E-05
  0.000000E+00  0.404864E+01  0.101121E-01  0.142669E-01  0.493490E+00  0.179775E+00  0.156723E-06 -0.339749E-06
  0.000000E+00  0.405650E+01 -0.681438E-01  0.142515E-01  0.493783E+00  0.466060E-01  0.294705E-07  0.112219E-05
  0.000000E+00  0.405433E+01 -0.873973E-01  0.141461E-01  0.490317E+00  0.273189E-02  0.237914E-08 -0.546753E-06
  0.000000E+00  0.402709E+01 -0.801963E-01  0.141303E-01  0.490022E+00  0.733002E-02  0.472576E-08  0.236134E-06
  0.000000E+00  0.402538E+01 -0.599148E-01  0.141160E-01  0.490268E+00  0.459402E-01  0.599140E-07  0.213510E-05
  0.000000E+00  0.402793E+01  0.119001E+00  0.141002E-01  0.494823E+00  0.307707E+00  0.744526E-06  0.457803E-05
  0.000000E+00  0.404243E+01  0.758602E+00  0.140849E-01  0.515534E+00  0.135607E+01  0.412205E-05  0.534827E-05
  0.122879E-03  0.410962E+01  0.131635E+01  0.143007E-01  0.549066E+00  0.235029E+01  0.631184E-05  0.710151E-05
  0.544022E-01  0.418579E+01  0.158016E+01  0.158460E-01  0.578847E+00  0.310072E+01  0.105119E-04  0.108125E-04
  0.562671E-01  0.427670E+01  0.148422E+01  0.158283E-01  0.603289E+00  0.298718E+01  0.743035E-05  0.939610E-05
  0.562063E-01  0.437932E+01  0.141852E+01  0.158107E-01  0.631568E+00  0.265488E+01  0.511931E-05  0.547038E-05
  0.473604E-01  0.446275E+01  0.614844E+00  0.141838E-01  0.642276E+00  0.128686E+01  0.126618E-05  0.157518E-05
  0.000000E+00  0.450846E+01  0.616052E-02  0.141680E-01  0.644826E+00  0.197804E+00  0.173044E-06 -0.260871E-06
  0.000000E+00  0.451581E+01 -0.790205E-01  0.141527E-01  0.645126E+00  0.517457E-01  0.312516E-07  0.124048E-05
  0.000000E+00  0.451354E+01 -0.100221E+00  0.140482E-01  0.640596E+00  0.307304E-02  0.259394E-08 -0.504890E-06
  0.000000E+00  0.448321E+01 -0.923022E-01  0.140325E-01  0.640200E+00  0.815780E-02  0.504169E-08  0.281384E-06
  0.000000E+00  0.448153E+01 -0.688499E-01  0.140184E-01  0.640446E+00  0.505447E-01  0.650507E-07  0.221211E-05
  0.000000E+00  0.448582E+01  0.128558E+00  0.140027E-01  0.646380E+00  0.342194E+00  0.827385E-06  0.465084E-05
  0.000000E+00  0.452108E+01  0.827014E+00  0.139876E-01  0.669801E+00  0.149010E+01  0.452539E-05  0.534354E-05
  0.167433E-03  0.458576E+01  0.138464E+01  0.143000E-01  0.707349E+00  0.251230E+01  0.676425E-05  0.700347E-05
  0.543287E-01  0.465911E+01  0.160513E+01  0.158240E-01  0.737820E+00  0.321251E+01  0.108977E-04  0.969034E-05
  0.561928E-01  0.474675E+01  0.148430E+01  0.158055E-01  0.761306E+00  0.306007E+01  0.763328E-05  0.905338E-05
  0.561137E-01  0.484851E+01  0.144510E+01  0.157868E-01  0.782793E+00  0.274196E+01  0.527493E-05  0.522250E-05
  0.310318E-01  0.493101E+01  0.618485E+00  0.141626E-01  0.793270E+00  0.132184E+01  0.129904E-05  0.165642E-05
  0.000000E+00  0.497857E+01  0.661395E-02  0.141461E-01  0.796018E+00  0.212817E+00  0.188555E-06 -0.183711E-06
  0.000000E+00  0.498571E+01 -0.839074E-01  0.141303E-01  0.796329E+00  0.562643E-01  0.323441E-07  0.125068E-05
  0.000000E+00  0.498341E+01 -0.108126E+00  0.140251E-01  0.790742E+00  0.336065E-02  0.269020E-08 -0.501938E-06
  0.000000E+00  0.494994E+01 -0.995377E-01  0.140090E-01  0.789915E+00  0.897920E-02  0.532470E-08  0.297098E-06
  0.000000E+00  0.494865E+01 -0.691781E-01  0.139940E-01  0.790319E+00  0.607607E-01  0.863789E-07  0.225530E-05
  0.000000E+00  0.495655E+01  0.138682E+00  0.139780E-01  0.797167E+00  0.374156E+00  0.900462E-06  0.470008E-05
  0.000000E+00  0.498615E+01  0.875763E+00  0.139626E-01  0.822020E+00  0.158672E+01  0.481158E-05  0.536214E-05
  0.233116E-03  0.505124E+01  0.142343E+01  0.144278E-01  0.860962E+00  0.262083E+01  0.705384E-05  0.692481E-05
  0.545127E-01  0.512328E+01  0.161887E+01  0.159282E-01  0.890119E+00  0.329205E+01  0.111294E-04  0.888461E-05
  0.563998E-01  0.519368E+01  0.148150E+01  0.159108E-01  0.908324E+00  0.311642E+01  0.774887E-05  0.886378E-05
  0.563376E-01  0.528061E+01  0.145305E+01  0.158934E-01  0.932209E+00  0.280098E+01  0.538212E-05  0.510927E-05
  0.291762E-01  0.535291E+01  0.608516E+00  0.142630E-01  0.940746E+00  0.134295E+01  0.131212E-05  0.176855E-05
  0.000000E+00  0.539974E+01 -0.538079E-02  0.142475E-01  0.943294E+00  0.221460E+00  0.196337E-06 -0.120160E-06
  0.000000E+00  0.540706E+01 -0.100227E+00  0.142324E-01  0.943498E+00  0.577861E-01  0.321539E-07  0.131977E-05
  0.000000E+00  0.540482E+01 -0.123800E+00  0.141271E-01  0.936873E+00  0.359033E-02  0.284776E-08 -0.469311E-06
  0.000000E+00  0.536872E+01 -0.114160E+00  0.141117E-01  0.936469E+00  0.968998E-02  0.551073E-08  0.333894E-06
  0.000000E+00  0.537394E+01 -0.891439E-01  0.140978E-01  0.936722E+00  0.589834E-01  0.736999E-07  0.233694E-05
  0.000000E+00  0.537952E+01  0.136600E+00  0.140824E-01  0.942173E+00  0.393290E+00  0.945820E-06  0.474497E-05
  0.000000E+00  0.539457E+01  0.890836E+00  0.140675E-01  0.964750E+00  0.164371E+01  0.499301E-05  0.537665E-05
  0.161994E-03  0.545780E+01  0.142099E+01  0.147264E-01  0.997516E+00  0.268932E+01  0.725315E-05  0.750822E-05
  0.537228E-01  0.550625E+01  0.159116E+01  0.162121E-01  0.447354E+00  0.334652E+01  0.112880E-04  0.818921E-05
  0.572689E-01  0.556868E+01  0.143915E+01  0.161945E-01  0.454719E+00  0.315858E+01  0.785577E-05  0.863245E-05
  0.572058E-01  0.564020E+01  0.143797E+01  0.161768E-01  0.466853E+00  0.284550E+01  0.544596E-05  0.496152E-05
  0.293249E-01  0.573148E+01  0.593059E+00  0.145213E-01  0.470757E+00  0.136193E+01  0.131091E-05  0.181838E-05
  0.000000E+00  0.576699E+01 -0.213232E-01  0.145054E-01  0.471978E+00  0.227604E+00  0.199877E-06 -0.102095E-06
  0.000000E+00  0.577209E+01 -0.115767E+00  0.144901E-01  0.472666E+00  0.628353E-01  0.333197E-07  0.134973E-05
  0.000000E+00  0.577359E+01 -0.140520E+00  0.143828E-01  0.469066E+00  0.382225E-02  0.288939E-08 -0.472963E-06
  0.000000E+00  0.573284E+01 -0.129575E+00  0.143671E-01  0.468521E+00  0.103238E-01  0.569220E-08  0.343862E-06
  0.000000E+00  0.572777E+01 -0.104301E+00  0.143529E-01  0.468535E+00  0.625496E-01  0.770082E-07  0.238885E-05
  0.000000E+00  0.572589E+01  0.129297E+00  0.143372E-01  0.471928E+00  0.408722E+00  0.979079E-06  0.480428E-05
  0.000000E+00  0.573863E+01  0.894907E+00  0.143221E-01  0.485693E+00  0.168046E+01  0.510918E-05  0.544035E-05
  0.000000E+00  0.579825E+01  0.140634E+01  0.143065E-01  0.504395E+00  0.273331E+01  0.737837E-05  0.759478E-05
  0.529385E-01  0.583435E+01  0.156229E+01  0.159023E-01  0.514812E+00  0.337474E+01  0.113378E-04  0.780240E-05
  0.561516E-01  0.589236E+01  0.140958E+01  0.158837E-01  0.511568E+00  0.318202E+01  0.788249E-05  0.855998E-05
  0.560711E-01  0.596101E+01  0.142666E+01  0.158650E-01  0.522046E+00  0.287278E+01  0.549935E-05  0.492897E-05
  0.287257E-01  0.602508E+01  0.581541E+00  0.142420E-01  0.524819E+00  0.137211E+01  0.129884E-05  0.184214E-05
  0.000000E+00  0.606747E+01 -0.337505E-01  0.142258E-01  0.526384E+00  0.231483E+00  0.202333E-06 -0.610857E-07
  0.000000E+00  0.607628E+01 -0.128655E+00  0.142101E-01  0.526096E+00  0.647550E-01  0.334686E-07  0.142461E-05
  0.000000E+00  0.606924E+01 -0.152947E+00  0.141042E-01  0.521748E+00  0.407035E-02  0.308556E-08 -0.433816E-06
  0.000000E+00  0.602418E+01 -0.140515E+00  0.140883E-01  0.520795E+00  0.107943E-01  0.580796E-08  0.372772E-06
  0.000000E+00  0.601678E+01 -0.115556E+00  0.140739E-01  0.520475E+00  0.646948E-01  0.792620E-07  0.245004E-05
  0.000000E+00  0.601290E+01  0.121729E+00  0.140580E-01  0.523468E+00  0.416857E+00  0.100140E-05  0.482217E-05
  0.000000E+00  0.601992E+01  0.889481E+00  0.140427E-01  0.535731E+00  0.168970E+01  0.515159E-05  0.544601E-05
  0.219183E-03  0.607114E+01  0.139336E+01  0.158796E-01  0.552941E+00  0.276279E+01  0.747684E-05  0.770775E-05
  0.557998E-01  0.609486E+01  0.155246E+01  0.174094E-01  0.561370E+00  0.340852E+01  0.114466E-04  0.755074E-05
  0.604457E-01  0.613566E+01  0.139668E+01  0.173898E-01  0.565406E+00  0.321163E+01  0.795071E-05  0.847098E-05
  0.603662E-01  0.619951E+01  0.141785E+01  0.173701E-01  0.574770E+00  0.289199E+01  0.551584E-05  0.486156E-05
  0.325599E-01  0.626793E+01  0.575628E+00  0.156194E-01  0.576968E+00  0.138532E+01  0.131805E-05  0.189941E-05
  0.000000E+00  0.630102E+01 -0.426981E-01  0.155961E-01  0.577718E+00  0.233484E+00  0.202092E-06 -0.404680E-07
  0.000000E+00  0.630316E+01 -0.137411E+00  0.155736E-01  0.576806E+00  0.661569E-01  0.335549E-07  0.142889E-05
  0.000000E+00  0.629337E+01 -0.161626E+00  0.154520E-01  0.571596E+00  0.419293E-02  0.311267E-08 -0.433339E-06
  0.000000E+00  0.624406E+01 -0.148677E+00  0.154290E-01  0.570106E+00  0.111827E-01  0.590624E-08  0.375955E-06
  0.000000E+00  0.623413E+01 -0.117217E+00  0.154075E-01  0.569383E+00  0.729960E-01  0.100528E-06  0.247094E-05
  0.000000E+00  0.622699E+01  0.113072E+00  0.153845E-01  0.571484E+00  0.421284E+00  0.101070E-05  0.490346E-05
  0.000000E+00  0.622704E+01  0.891482E+00  0.153623E-01  0.582490E+00  0.170255E+01  0.519183E-05  0.550604E-05
  0.390346E-03  0.627091E+01  0.138162E+01  0.169680E-01  0.598484E+00  0.278330E+01  0.752802E-05  0.782293E-05
  0.594461E-01  0.629108E+01  0.153597E+01  0.184068E-01  0.605711E+00  0.342394E+01  0.114564E-04  0.742634E-05
  0.628619E-01  0.631688E+01  0.138204E+01  0.183102E-01  0.608521E+00  0.323018E+01  0.798307E-05  0.844805E-05
  0.624800E-01  0.637031E+01  0.140948E+01  0.179021E-01  0.616720E+00  0.290735E+01  0.556216E-05  0.484989E-05
  0.330566E-01  0.643864E+01  0.566476E+00  0.157768E-01  0.618385E+00  0.139222E+01  0.131651E-05  0.189569E-05
  0.000000E+00  0.646991E+01 -0.555233E-01  0.153968E-01  0.618535E+00  0.233852E+00  0.201524E-06 -0.399922E-07
  0.000000E+00  0.646945E+01 -0.152008E+00  0.150414E-01  0.617065E+00  0.647943E-01  0.329736E-07  0.140588E-05
  0.000000E+00  0.645689E+01 -0.175166E+00  0.145928E-01  0.611032E+00  0.420336E-02  0.313223E-08 -0.438575E-06
  0.000000E+00  0.640365E+01 -0.162762E+00  0.142514E-01  0.608985E+00  0.114600E-01  0.601921E-08  0.377244E-06
  0.000000E+00  0.639078E+01 -0.139632E+00  0.139534E-01  0.607717E+00  0.682048E-01  0.823556E-07  0.249019E-05
  0.000000E+00  0.638066E+01  0.991489E-01  0.136345E-01  0.609067E+00  0.421904E+00  0.100900E-05  0.491965E-05
  0.000000E+00  0.637591E+01  0.876089E+00  0.133362E-01  0.618845E+00  0.170895E+01  0.521215E-05  0.554821E-05
  0.342407E-05  0.641383E+01  0.135076E+01  0.130480E-01  0.633421E+00  0.279779E+01  0.756875E-05  0.770785E-05
  0.466327E-01  0.642512E+01  0.150144E+01  0.141367E-01  0.639640E+00  0.343867E+01  0.115019E-04  0.725933E-05
  0.477262E-01  0.644119E+01  0.135067E+01  0.137993E-01  0.622572E+00  0.324882E+01  0.801692E-05  0.837846E-05
  0.465175E-01  0.648343E+01  0.139103E+01  0.134526E-01  0.628471E+00  0.292389E+01  0.555318E-05  0.480122E-05
  0.246391E-01  0.654339E+01  0.554504E+00  0.118433E-01  0.629195E+00  0.140437E+01  0.133029E-05  0.191670E-05
  0.000000E+00  0.658114E+01 -0.691594E-01  0.115328E-01  0.629016E+00  0.235833E+00  0.202975E-06 -0.229929E-07
  0.000000E+00  0.658165E+01 -0.163839E+00  0.112450E-01  0.627200E+00  0.677534E-01  0.339103E-07  0.150270E-05
  0.000000E+00  0.656760E+01 -0.187270E+00  0.108896E-01  0.620694E+00  0.441078E-02  0.333063E-08 -0.407782E-06
  0.000000E+00  0.651219E+01 -0.173714E+00  0.106178E-01  0.618259E+00  0.116280E-01  0.604080E-08  0.402583E-06
  0.000000E+00  0.649792E+01 -0.151234E+00  0.103824E-01  0.616615E+00  0.686303E-01  0.832225E-07  0.251745E-05
  0.000000E+00  0.648584E+01  0.884095E-01  0.101316E-01  0.617292E+00  0.422276E+00  0.101482E-05  0.488959E-05
  0.000000E+00  0.647811E+01  0.864584E+00  0.989902E-02  0.625665E+00  0.170535E+01  0.521206E-05  0.545047E-05
  0.000000E+00  0.651032E+01  0.133388E+01  0.966831E-02  0.638930E+00  0.281037E+01  0.760811E-05  0.779780E-05
  0.341663E-01  0.651776E+01  0.148786E+01  0.104503E-01  0.644111E+00  0.345626E+01  0.115055E-04  0.728217E-05
  0.346703E-01  0.652567E+01  0.133980E+01  0.101999E-01  0.644106E+00  0.326738E+01  0.802149E-05  0.833049E-05
  0.337853E-01  0.657205E+01  0.138770E+01  0.994914E-02  0.650220E+00  0.294123E+01  0.559693E-05  0.476457E-05
  0.180425E-01  0.662697E+01  0.550295E+00  0.878593E-02  0.650702E+00  0.141226E+01  0.133403E-05  0.189441E-05
  0.000000E+00  0.665633E+01 -0.758413E-01  0.856871E-02  0.650010E+00  0.236417E+00  0.202824E-06 -0.303287E-07
  0.000000E+00  0.665581E+01 -0.169873E+00  0.836879E-02  0.647851E+00  0.681317E-01  0.341105E-07  0.147368E-05
  0.000000E+00  0.664108E+01 -0.192612E+00  0.811966E-02  0.640911E+00  0.442951E-02  0.336086E-08 -0.422336E-06
  0.000000E+00  0.658483E+01 -0.177979E+00  0.793367E-02  0.637729E+00  0.117771E-01  0.612870E-08  0.393686E-06
  0.000000E+00  0.657180E+01 -0.155347E+00  0.777385E-02  0.635851E+00  0.694566E-01  0.839538E-07  0.250071E-05
  0.000000E+00  0.656150E+01  0.852313E-01  0.760471E-02  0.636095E+00  0.423413E+00  0.101706E-05  0.486768E-05
  0.000000E+00  0.655132E+01  0.863630E+00  0.744898E-02  0.643755E+00  0.171157E+01  0.523255E-05  0.535937E-05
  0.000000E+00  0.658116E+01  0.133259E+01  0.729563E-02  0.656411E+00  0.282374E+01  0.763874E-05  0.766305E-05
  0.251017E-01  0.658583E+01  0.148862E+01  0.789163E-02  0.661604E+00  0.347277E+01  0.115093E-04  0.755381E-05
  0.256649E-01  0.659060E+01  0.134314E+01  0.772642E-02  0.662685E+00  0.328651E+01  0.804769E-05  0.830810E-05
  0.250826E-01  0.663460E+01  0.139460E+01  0.756435E-02  0.668935E+00  0.296003E+01  0.564434E-05  0.475036E-05
  0.179950E-01  0.668992E+01  0.554721E+00  0.672216E-02  0.669128E+00  0.142583E+01  0.136404E-05  0.189810E-05
  0.000000E+00  0.671445E+01 -0.769840E-01  0.658596E-02  0.668132E+00  0.238093E+00  0.206373E-06  0.550493E-08
  0.000000E+00  0.671342E+01 -0.171300E+00  0.646154E-02  0.665696E+00  0.686913E-01  0.352453E-07  0.154669E-05
  0.000000E+00  0.669844E+01 -0.193906E+00  0.629913E-02  0.658400E+00  0.457375E-02  0.366413E-08 -0.382772E-06
  0.000000E+00  0.664185E+01 -0.178907E+00  0.618506E-02  0.655407E+00  0.118922E-01  0.630587E-08  0.415135E-06
  0.000000E+00  0.662863E+01 -0.149116E+00  0.608429E-02  0.653296E+00  0.762638E-01  0.105630E-06  0.250074E-05
  0.000000E+00  0.661961E+01  0.841771E-01  0.598196E-02  0.653185E+00  0.426489E+00  0.103078E-05  0.483770E-05
  0.000000E+00  0.660886E+01  0.865118E+00  0.588845E-02  0.660041E+00  0.171463E+01  0.525725E-05  0.522269E-05
  0.949895E-06  0.663559E+01  0.134416E+01  0.581608E-02  0.672244E+00  0.284381E+01  0.771958E-05  0.732740E-05
  0.200195E-01  0.663998E+01  0.150245E+01  0.630834E-02  0.645893E+00  0.349878E+01  0.115981E-04  0.764678E-05
  0.200847E-01  0.664255E+01  0.135198E+01  0.621683E-02  0.645869E+00  0.330841E+01  0.812877E-05  0.817487E-05
  0.197626E-01  0.668726E+01  0.140094E+01  0.612832E-02  0.650399E+00  0.297584E+01  0.565189E-05  0.463355E-05
  0.151897E-01  0.674137E+01  0.557261E+00  0.549536E-02  0.650255E+00  0.143381E+01  0.136632E-05  0.187332E-05
  0.000000E+00  0.676700E+01 -0.791974E-01  0.542236E-02  0.649014E+00  0.238784E+00  0.205927E-06 -0.122521E-07
  0.000000E+00  0.676582E+01 -0.175031E+00  0.535585E-02  0.646368E+00  0.665981E-01  0.340485E-07  0.151389E-05
  0.000000E+00  0.675091E+01 -0.195822E+00  0.525679E-02  0.639035E+00  0.449828E-02  0.361890E-08 -0.401474E-06
  0.000000E+00  0.669440E+01 -0.180415E+00  0.519610E-02  0.636420E+00  0.119458E-01  0.622289E-08  0.410398E-06
  0.000000E+00  0.668136E+01 -0.157310E+00  0.514445E-02  0.634130E+00  0.701162E-01  0.853212E-07  0.249130E-05
  0.000000E+00  0.667267E+01  0.843982E-01  0.509033E-02  0.633666E+00  0.425212E+00  0.102540E-05  0.476536E-05
  0.000000E+00  0.666208E+01  0.868138E+00  0.504095E-02  0.639694E+00  0.172181E+01  0.527636E-05  0.511985E-05
  0.243954E-05  0.668800E+01  0.135665E+01  0.499991E-02  0.650043E+00  0.286467E+01  0.777032E-05  0.688608E-05
  0.169597E-01  0.669273E+01  0.151816E+01  0.544335E-02  0.654565E+00  0.352855E+01  0.116598E-04  0.780820E-05
  0.170527E-01  0.669480E+01  0.136656E+01  0.539373E-02  0.655012E+00  0.333751E+01  0.818019E-05  0.809137E-05
  0.168792E-01  0.673944E+01  0.141641E+01  0.534649E-02  0.657263E+00  0.300477E+01  0.570960E-05  0.455586E-05
  0.137318E-01  0.679293E+01  0.563347E+00  0.482734E-02  0.654544E+00  0.144694E+01  0.137353E-05  0.184484E-05
  0.000000E+00  0.679243E+01 -0.802683E-01  0.478893E-02  0.653102E+00  0.240277E+00  0.207288E-06 -0.133058E-07
  0.000000E+00  0.679136E+01 -0.175328E+00  0.475398E-02  0.650275E+00  0.690879E-01  0.352002E-07  0.150093E-05
  0.000000E+00  0.677686E+01 -0.197436E+00  0.468934E-02  0.642737E+00  0.458272E-02  0.368649E-08 -0.410124E-06
  0.000000E+00  0.672063E+01 -0.181936E+00  0.465750E-02  0.639404E+00  0.120266E-01  0.632723E-08  0.403508E-06
  0.000000E+00  0.670787E+01 -0.158537E+00  0.463043E-02  0.636938E+00  0.707563E-01  0.860920E-07  0.247205E-05
  0.000000E+00  0.669862E+01  0.845838E-01  0.460201E-02  0.636227E+00  0.427921E+00  0.103149E-05  0.471638E-05
  0.000000E+00  0.668772E+01  0.873051E+00  0.457608E-02  0.642048E+00  0.173504E+01  0.531916E-05  0.508423E-05
  0.337365E-06  0.671348E+01  0.136812E+01  0.455850E-02  0.653595E+00  0.288892E+01  0.783318E-05  0.655608E-05
  0.153919E-01  0.671872E+01  0.152842E+01  0.497803E-02  0.658697E+00  0.355397E+01  0.117274E-04  0.793626E-05
  0.154293E-01  0.672128E+01  0.137425E+01  0.495262E-02  0.659188E+00  0.335849E+01  0.823187E-05  0.804072E-05
  0.153405E-01  0.676529E+01  0.142599E+01  0.492833E-02  0.664969E+00  0.302527E+01  0.574613E-05  0.446365E-05
  0.128580E-01  0.682153E+01  0.567136E+00  0.447020E-02  0.664629E+00  0.145811E+01  0.140581E-05  0.186198E-05
  0.000000E+00  0.684578E+01 -0.778789E-01  0.445044E-02  0.663076E+00  0.243225E+00  0.212287E-06  0.349617E-07
  0.000000E+00  0.684517E+01 -0.174277E+00  0.443238E-02  0.660121E+00  0.697596E-01  0.364406E-07  0.158374E-05
  0.000000E+00  0.683121E+01 -0.196857E+00  0.438605E-02  0.652398E+00  0.474707E-02  0.401179E-08 -0.364886E-06
  0.000000E+00  0.677524E+01 -0.181304E+00  0.436946E-02  0.648940E+00  0.121229E-01  0.652200E-08  0.428476E-06
  0.000000E+00  0.676286E+01 -0.157595E+00  0.435527E-02  0.646346E+00  0.712579E-01  0.879127E-07  0.249547E-05
  0.000000E+00  0.675361E+01  0.866906E-01  0.434031E-02  0.645408E+00  0.431050E+00  0.104555E-05  0.467943E-05
  0.000000E+00  0.674313E+01  0.879915E+00  0.432658E-02  0.651069E+00  0.174591E+01  0.536542E-05  0.501695E-05
  0.297272E-06  0.676994E+01  0.138242E+01  0.432037E-02  0.662481E+00  0.291676E+01  0.794477E-05  0.630892E-05
  0.145439E-01  0.677537E+01  0.154160E+01  0.472554E-02  0.622257E+00  0.358224E+01  0.118515E-04  0.783520E-05
  0.145557E-01  0.677926E+01  0.137863E+01  0.471184E-02  0.621703E+00  0.337870E+01  0.831811E-05  0.787484E-05
  0.145082E-01  0.682075E+01  0.143298E+01  0.469867E-02  0.618051E+00  0.304650E+01  0.580449E-05  0.436738E-05
  0.825311E-02  0.687652E+01  0.566602E+00  0.427250E-02  0.616992E+00  0.146501E+01  0.141311E-05  0.184213E-05
  0.000000E+00  0.690101E+01 -0.789729E-01  0.426162E-02  0.614909E+00  0.245451E+00  0.214246E-06  0.307239E-07
  0.000000E+00  0.689655E+01 -0.176433E+00  0.425159E-02  0.609504E+00  0.703129E-01  0.368920E-07  0.156379E-05
  0.000000E+00  0.685951E+01 -0.200342E+00  0.421412E-02  0.602037E+00  0.476987E-02  0.406260E-08 -0.373183E-06
  0.000000E+00  0.680387E+01 -0.184507E+00  0.420471E-02  0.598506E+00  0.122081E-01  0.661623E-08  0.424004E-06
  0.000000E+00  0.679194E+01 -0.153823E+00  0.419630E-02  0.595788E+00  0.784379E-01  0.109288E-06  0.246478E-05
  0.000000E+00  0.678260E+01  0.840060E-01  0.418764E-02  0.594553E+00  0.435784E+00  0.105737E-05  0.466169E-05
  0.000000E+00  0.677205E+01  0.884766E+00  0.417960E-02  0.599059E+00  0.176283E+01  0.541656E-05  0.498499E-05
  0.537611E-06  0.679954E+01  0.138904E+01  0.418567E-02  0.609357E+00  0.294127E+01  0.800909E-05  0.613497E-05
  0.140503E-01  0.680627E+01  0.154774E+01  0.458116E-02  0.613362E+00  0.360918E+01  0.119325E-04  0.779797E-05
  0.140535E-01  0.681073E+01  0.137768E+01  0.457289E-02  0.612929E+00  0.339361E+01  0.835100E-05  0.780212E-05
  0.140246E-01  0.685296E+01  0.143395E+01  0.456475E-02  0.617051E+00  0.305857E+01  0.581961E-05  0.430584E-05
  0.801625E-02  0.690915E+01  0.564600E+00  0.415607E-02  0.616562E+00  0.146871E+01  0.140818E-05  0.183371E-05
  0.000000E+00  0.693389E+01 -0.813406E-01  0.414910E-02  0.614824E+00  0.246492E+00  0.214302E-06  0.371330E-07
  0.000000E+00  0.693408E+01 -0.180676E+00  0.414257E-02  0.611729E+00  0.681661E-01  0.355630E-07  0.153468E-05
  0.000000E+00  0.692108E+01 -0.201790E+00  0.410914E-02  0.604219E+00  0.468512E-02  0.395531E-08 -0.381579E-06
  0.000000E+00  0.686564E+01 -0.185900E+00  0.410283E-02  0.600667E+00  0.122892E-01  0.652045E-08  0.421368E-06
  0.000000E+00  0.685425E+01 -0.162182E+00  0.409730E-02  0.597959E+00  0.723090E-01  0.884760E-07  0.247348E-05
  0.000000E+00  0.684511E+01  0.848976E-01  0.409133E-02  0.596641E+00  0.435922E+00  0.105463E-05  0.463079E-05
  0.000000E+00  0.683563E+01  0.891639E+00  0.408571E-02  0.601270E+00  0.177528E+01  0.544757E-05  0.494785E-05
  0.806496E-06  0.686409E+01  0.139666E+01  0.408224E-02  0.611891E+00  0.296091E+01  0.805076E-05  0.599511E-05
  0.132351E-01  0.686984E+01  0.154538E+01  0.446828E-02  0.614385E+00  0.362007E+01  0.119598E-04  0.768639E-05
  0.136602E-01  0.687409E+01  0.137732E+01  0.446188E-02  0.614057E+00  0.340632E+01  0.837933E-05  0.775144E-05
  0.136358E-01  0.691366E+01  0.144037E+01  0.445492E-02  0.616383E+00  0.307676E+01  0.584220E-05  0.423853E-05
  0.780674E-02  0.694882E+01  0.564905E+00  0.405729E-02  0.615501E+00  0.147837E+01  0.143585E-05  0.186091E-05
  0.000000E+00  0.697420E+01 -0.822137E-01  0.404976E-02  0.613765E+00  0.249451E+00  0.219154E-06  0.757355E-07
  0.000000E+00  0.697506E+01 -0.181127E+00  0.404266E-02  0.610679E+00  0.713780E-01  0.376428E-07  0.163906E-05
  0.000000E+00  0.696264E+01 -0.204071E+00  0.400925E-02  0.603165E+00  0.491417E-02  0.429267E-08 -0.333976E-06
  0.000000E+00  0.690743E+01 -0.188000E+00  0.400231E-02  0.599550E+00  0.123808E-01  0.669685E-08  0.446673E-06
  0.000000E+00  0.689632E+01 -0.164384E+00  0.399619E-02  0.596824E+00  0.726454E-01  0.901247E-07  0.250160E-05
  0.000000E+00  0.688707E+01  0.845619E-01  0.398955E-02  0.595177E+00  0.439645E+00  0.107023E-05  0.461316E-05
  0.000000E+00  0.687703E+01  0.894722E+00  0.398327E-02  0.600146E+00  0.178430E+01  0.548883E-05  0.489193E-05
  0.250487E-06  0.690481E+01  0.139747E+01  0.398455E-02  0.599377E+00  0.297820E+01  0.813024E-05  0.590449E-05
  0.128033E-01  0.691237E+01  0.154557E+01  0.435756E-02  0.603349E+00  0.363665E+01  0.120526E-04  0.753415E-05
  0.132130E-01  0.691465E+01  0.137353E+01  0.435019E-02  0.602532E+00  0.341787E+01  0.844280E-05  0.763316E-05
  0.131815E-01  0.695534E+01  0.143944E+01  0.434260E-02  0.606338E+00  0.308827E+01  0.588192E-05  0.417630E-05
  0.714041E-02  0.701211E+01  0.563255E+00  0.395862E-02  0.605204E+00  0.148271E+01  0.143948E-05  0.184681E-05
  0.000000E+00  0.703750E+01 -0.844362E-01  0.395196E-02  0.603230E+00  0.250890E+00  0.220919E-06  0.691751E-07
  0.000000E+00  0.703539E+01 -0.183944E+00  0.394569E-02  0.598057E+00  0.719467E-01  0.381097E-07  0.161941E-05
  0.000000E+00  0.700201E+01 -0.208098E+00  0.391373E-02  0.590705E+00  0.493067E-02  0.429911E-08 -0.341014E-06
  0.000000E+00  0.694708E+01 -0.191770E+00  0.390761E-02  0.587208E+00  0.124727E-01  0.680035E-08  0.441095E-06
  0.000000E+00  0.693660E+01 -0.168046E+00  0.390222E-02  0.584604E+00  0.732823E-01  0.910048E-07  0.248402E-05
  0.000000E+00  0.692811E+01  0.822593E-01  0.389637E-02  0.583186E+00  0.442461E+00  0.107685E-05  0.460510E-05
  0.000000E+00  0.691693E+01  0.896446E+00  0.389085E-02  0.587796E+00  0.179466E+01  0.552544E-05  0.485731E-05
  0.240179E-06  0.694551E+01  0.139528E+01  0.389238E-02  0.596691E+00  0.299103E+01  0.816944E-05  0.579947E-05
  0.123926E-01  0.695139E+01  0.153596E+01  0.425422E-02  0.541960E+00  0.364379E+01  0.120708E-04  0.742356E-05
  0.127981E-01  0.695474E+01  0.136404E+01  0.424801E-02  0.539994E+00  0.342481E+01  0.846624E-05  0.756688E-05
  0.127728E-01  0.699278E+01  0.143638E+01  0.424178E-02  0.543101E+00  0.309753E+01  0.591274E-05  0.413531E-05
  0.694039E-02  0.704880E+01  0.559083E+00  0.387056E-02  0.541642E+00  0.148562E+01  0.143892E-05  0.183287E-05
  0.000000E+00  0.707499E+01 -0.881480E-01  0.386518E-02  0.529175E+00  0.251820E+00  0.221488E-06  0.706500E-07
  0.000000E+00  0.707622E+01 -0.187675E+00  0.386008E-02  0.526288E+00  0.723571E-01  0.384350E-07  0.160260E-05
  0.000000E+00  0.706517E+01 -0.210685E+00  0.382984E-02  0.519550E+00  0.495294E-02  0.431194E-08 -0.347344E-06
  0.000000E+00  0.701004E+01 -0.194231E+00  0.382482E-02  0.516164E+00  0.126070E-01  0.688467E-08  0.436393E-06
  0.000000E+00  0.699972E+01 -0.163407E+00  0.382022E-02  0.513525E+00  0.805989E-01  0.112600E-06  0.245503E-05
  0.000000E+00  0.699035E+01  0.790244E-01  0.381538E-02  0.511896E+00  0.445694E+00  0.108468E-05  0.460939E-05
  0.000000E+00  0.697846E+01  0.898334E+00  0.381078E-02  0.515481E+00  0.180366E+01  0.555335E-05  0.484383E-05
  0.460833E-06  0.700734E+01  0.139761E+01  0.381994E-02  0.524034E+00  0.300608E+01  0.820863E-05  0.569547E-05
  0.120761E-01  0.701189E+01  0.153608E+01  0.417337E-02  0.525787E+00  0.365839E+01  0.121040E-04  0.733210E-05
  0.124833E-01  0.701299E+01  0.135908E+01  0.416827E-02  0.524024E+00  0.343244E+01  0.847601E-05  0.754505E-05
  0.124640E-01  0.704953E+01  0.143179E+01  0.416255E-02  0.526827E+00  0.310032E+01  0.590949E-05  0.412168E-05
  0.670265E-02  0.710370E+01  0.555204E+00  0.379840E-02  0.525714E+00  0.148625E+01  0.143139E-05  0.183536E-05
  0.000000E+00  0.713458E+01 -0.918728E-01  0.378981E-02  0.523131E+00  0.251282E+00  0.220031E-06  0.673594E-07
  0.000000E+00  0.712742E+01 -0.192377E+00  0.378158E-02  0.520283E+00  0.702808E-01  0.371965E-07  0.160393E-05
  0.000000E+00  0.711649E+01 -0.213767E+00  0.374858E-02  0.513663E+00  0.488765E-02  0.430323E-08 -0.344421E-06
  0.000000E+00  0.706117E+01 -0.197153E+00  0.374028E-02  0.510357E+00  0.126383E-01  0.678213E-08  0.441671E-06
  0.000000E+00  0.705094E+01 -0.173692E+00  0.373284E-02  0.507781E+00  0.741518E-01  0.913728E-07  0.248535E-05
  0.000000E+00  0.704125E+01  0.769346E-01  0.372468E-02  0.505025E+00  0.443654E+00  0.107775E-05  0.459995E-05
  0.000000E+00  0.702898E+01  0.893396E+00  0.371684E-02  0.507884E+00  0.180508E+01  0.555261E-05  0.484608E-05
  0.737948E-06  0.705790E+01  0.139230E+01  0.371068E-02  0.515385E+00  0.301410E+01  0.825475E-05  0.569600E-05
  0.116806E-01  0.706111E+01  0.152927E+01  0.404800E-02  0.511792E+00  0.366790E+01  0.121725E-04  0.730525E-05
  0.120403E-01  0.705912E+01  0.135179E+01  0.401554E-02  0.499553E+00  0.344200E+01  0.852102E-05  0.748914E-05
  0.119229E-01  0.709457E+01  0.142845E+01  0.398067E-02  0.502125E+00  0.310987E+01  0.591167E-05  0.406854E-05
  0.637721E-02  0.714965E+01  0.551793E+00  0.360864E-02  0.501082E+00  0.149274E+01  0.145493E-05  0.187654E-05
  0.000000E+00  0.718069E+01 -0.953281E-01  0.357386E-02  0.498907E+00  0.253258E+00  0.224246E-06  0.102804E-06
  0.000000E+00  0.717647E+01 -0.194786E+00  0.354073E-02  0.496118E+00  0.733686E-01  0.391616E-07  0.171029E-05
  0.000000E+00  0.716495E+01 -0.217867E+00  0.348415E-02  0.489747E+00  0.511696E-02  0.463794E-08 -0.293298E-06
  0.000000E+00  0.710944E+01 -0.201052E+00  0.345120E-02  0.486580E+00  0.127451E-01  0.695004E-08  0.468235E-06
  0.000000E+00  0.709940E+01 -0.178015E+00  0.342192E-02  0.484129E+00  0.743712E-01  0.928145E-07  0.251785E-05
  0.000000E+00  0.708989E+01  0.731694E-01  0.338996E-02  0.482332E+00  0.445417E+00  0.108914E-05  0.458379E-05
  0.000000E+00  0.707730E+01  0.887451E+00  0.335953E-02  0.485042E+00  0.180558E+01  0.557433E-05  0.478777E-05
  0.216225E-06  0.710579E+01  0.138680E+01  0.333563E-02  0.492789E+00  0.302296E+01  0.828515E-05  0.563166E-05
  0.102209E-01  0.710761E+01  0.151741E+01  0.360620E-02  0.494591E+00  0.367090E+01  0.121806E-04  0.720097E-05
  0.104574E-01  0.710285E+01  0.134105E+01  0.356870E-02  0.492170E+00  0.344593E+01  0.853258E-05  0.744931E-05
  0.103223E-01  0.713598E+01  0.142377E+01  0.352815E-02  0.492945E+00  0.311601E+01  0.593789E-05  0.405250E-05
  0.548322E-02  0.716972E+01  0.545507E+00  0.319729E-02  0.491847E+00  0.149406E+01  0.145640E-05  0.187464E-05
  0.000000E+00  0.720255E+01 -0.995526E-01  0.315734E-02  0.489833E+00  0.253916E+00  0.225084E-06  0.114526E-06
  0.000000E+00  0.719958E+01 -0.198957E+00  0.311951E-02  0.487181E+00  0.736356E-01  0.397089E-07  0.171266E-05
  0.000000E+00  0.718907E+01 -0.221856E+00  0.306103E-02  0.481000E+00  0.513824E-02  0.475167E-08 -0.286719E-06
  0.000000E+00  0.713339E+01 -0.204788E+00  0.302382E-02  0.477969E+00  0.128179E-01  0.704950E-08  0.468502E-06
  0.000000E+00  0.712455E+01 -0.181847E+00  0.299092E-02  0.475658E+00  0.747464E-01  0.934024E-07  0.251183E-05
  0.000000E+00  0.711619E+01  0.699564E-01  0.295521E-02  0.465749E+00  0.446636E+00  0.109274E-05  0.457995E-05
  0.000000E+00  0.710415E+01  0.884736E+00  0.292139E-02  0.468337E+00  0.181074E+01  0.559563E-05  0.478031E-05
  0.181800E-06  0.713311E+01  0.138058E+01  0.289307E-02  0.475814E+00  0.302889E+01  0.831117E-05  0.562065E-05
  0.851706E-02  0.713591E+01  0.150734E+01  0.310992E-02  0.470721E+00  0.367312E+01  0.121815E-04  0.720040E-05
  0.868548E-02  0.713074E+01  0.133208E+01  0.306986E-02  0.468750E+00  0.344857E+01  0.853544E-05  0.742620E-05
  0.854168E-02  0.716492E+01  0.141975E+01  0.302792E-02  0.471202E+00  0.312065E+01  0.595377E-05  0.402120E-05
  0.454520E-02  0.721800E+01  0.543030E+00  0.274874E-02  0.469978E+00  0.149556E+01  0.145234E-05  0.186960E-05
  0.000000E+00  0.724723E+01 -0.102369E+00  0.270965E-02  0.466010E+00  0.253933E+00  0.224510E-06  0.109245E-06
  0.000000E+00  0.722418E+01 -0.202724E+00  0.267287E-02  0.463497E+00  0.738435E-01  0.398536E-07  0.169091E-05
  0.000000E+00  0.721412E+01 -0.225425E+00  0.261849E-02  0.457602E+00  0.512825E-02  0.472288E-08 -0.299020E-06
  0.000000E+00  0.715841E+01 -0.208201E+00  0.258275E-02  0.454816E+00  0.128866E-01  0.708866E-08  0.461927E-06
  0.000000E+00  0.714996E+01 -0.178327E+00  0.255024E-02  0.452570E+00  0.817562E-01  0.114715E-06  0.247589E-05
  0.000000E+00  0.714117E+01  0.653968E-01  0.251627E-02  0.450872E+00  0.448756E+00  0.109732E-05  0.459607E-05
  0.000000E+00  0.712900E+01  0.884289E+00  0.248431E-02  0.453309E+00  0.181727E+01  0.561592E-05  0.475674E-05
  0.254230E-06  0.715793E+01  0.137831E+01  0.245990E-02  0.455228E+00  0.303604E+01  0.833044E-05  0.557004E-05
  0.685305E-02  0.716005E+01  0.150021E+01  0.262958E-02  0.456937E+00  0.367571E+01  0.121760E-04  0.713802E-05
  0.697193E-02  0.715316E+01  0.132439E+01  0.259318E-02  0.455256E+00  0.344845E+01  0.853159E-05  0.740497E-05
  0.684153E-02  0.718731E+01  0.141514E+01  0.255582E-02  0.457990E+00  0.312116E+01  0.597200E-05  0.401194E-05
  0.362771E-02  0.723886E+01  0.538913E+00  0.232987E-02  0.449545E+00  0.149380E+01  0.144077E-05  0.187074E-05
  0.000000E+00  0.727242E+01 -0.105895E+00  0.229611E-02  0.447741E+00  0.252783E+00  0.223031E-06  0.978799E-07
  0.000000E+00  0.726993E+01 -0.206074E+00  0.226454E-02  0.445358E+00  0.711512E-01  0.381053E-07  0.166185E-05
  0.000000E+00  0.726001E+01 -0.226920E+00  0.221813E-02  0.439728E+00  0.503474E-02  0.462664E-08 -0.305965E-06
  0.000000E+00  0.720421E+01 -0.209609E+00  0.218783E-02  0.436971E+00  0.128976E-01  0.696565E-08  0.459906E-06
  0.000000E+00  0.719594E+01 -0.186864E+00  0.216133E-02  0.434887E+00  0.752433E-01  0.931732E-07  0.250950E-05
  0.000000E+00  0.718781E+01  0.653127E-01  0.213303E-02  0.433273E+00  0.447241E+00  0.109070E-05  0.458263E-05
  0.000000E+00  0.717519E+01  0.882201E+00  0.210655E-02  0.435556E+00  0.181781E+01  0.561289E-05  0.478343E-05
  0.338434E-06  0.720323E+01  0.137960E+01  0.208098E-02  0.443242E+00  0.304297E+01  0.837161E-05  0.557642E-05
  0.541982E-02  0.720459E+01  0.150802E+01  0.221396E-02  0.445218E+00  0.369173E+01  0.122671E-04  0.705162E-05
  0.550277E-02  0.719493E+01  0.132786E+01  0.218477E-02  0.443524E+00  0.346040E+01  0.857483E-05  0.736718E-05
  0.539860E-02  0.722846E+01  0.141639E+01  0.215526E-02  0.446164E+00  0.312876E+01  0.594271E-05  0.397421E-05
  0.288431E-02  0.727654E+01  0.538233E+00  0.197741E-02  0.443005E+00  0.149838E+01  0.146042E-05  0.190380E-05
  0.000000E+00  0.728432E+01 -0.108320E+00  0.195146E-02  0.437196E+00  0.254168E+00  0.226502E-06  0.136032E-06
  0.000000E+00  0.724102E+01 -0.209504E+00  0.192733E-02  0.434914E+00  0.740372E-01  0.401349E-07  0.177561E-05
  0.000000E+00  0.723109E+01 -0.231600E+00  0.189057E-02  0.429466E+00  0.523730E-02  0.497861E-08 -0.249762E-06
  0.000000E+00  0.717565E+01 -0.213905E+00  0.186766E-02  0.426834E+00  0.128818E-01  0.709210E-08  0.485288E-06
  0.000000E+00  0.716743E+01 -0.191800E+00  0.184779E-02  0.424851E+00  0.747892E-01  0.939331E-07  0.253373E-05
  0.000000E+00  0.715974E+01  0.611171E-01  0.182656E-02  0.262721E+00  0.448083E+00  0.110007E-05  0.456532E-05
  0.000000E+00  0.714806E+01  0.876994E+00  0.180681E-02  0.250016E+00  0.181753E+01  0.562784E-05  0.472187E-05
  0.739805E-07  0.717626E+01  0.137038E+01  0.178938E-02  0.258549E+00  0.304396E+01  0.838003E-05  0.554026E-05
  0.431312E-02  0.717793E+01  0.149756E+01  0.189708E-02  0.262076E+00  0.369125E+01  0.122640E-04  0.700817E-05
  0.438859E-02  0.716953E+01  0.131901E+01  0.187596E-02  0.262857E+00  0.346060E+01  0.857185E-05  0.732838E-05
  0.431362E-02  0.720455E+01  0.141160E+01  0.185496E-02  0.266898E+00  0.313096E+01  0.595812E-05  0.394499E-05
  0.230628E-02  0.725388E+01  0.534219E+00  0.171511E-02  0.265889E+00  0.149814E+01  0.145758E-05  0.188735E-05
  0.000000E+00  0.726638E+01 -0.110716E+00  0.169702E-02  0.266172E+00  0.253693E+00  0.226236E-06  0.121261E-06
  0.000000E+00  0.726443E+01 -0.209368E+00  0.168029E-02  0.265856E+00  0.739815E-01  0.401477E-07  0.174325E-05
  0.000000E+00  0.725482E+01 -0.231606E+00  0.165247E-02  0.263478E+00  0.519144E-02  0.492994E-08 -0.265174E-06
  0.000000E+00  0.719947E+01 -0.213901E+00  0.163674E-02  0.262852E+00  0.129328E-01  0.711921E-08  0.476901E-06
  0.000000E+00  0.719159E+01 -0.191508E+00  0.162314E-02  0.262612E+00  0.751481E-01  0.941999E-07  0.252096E-05
  0.000000E+00  0.718432E+01  0.620715E-01  0.160869E-02  0.262805E+00  0.449894E+00  0.110340E-05  0.454308E-05
  0.000000E+00  0.717252E+01  0.879720E+00  0.159530E-02  0.261684E+00  0.182317E+01  0.564754E-05  0.469760E-05
  0.497770E-07  0.720136E+01  0.137061E+01  0.158342E-02  0.270411E+00  0.304889E+01  0.839411E-05  0.548896E-05
  0.353754E-02  0.720316E+01  0.149300E+01  0.167499E-02  0.265183E+00  0.369046E+01  0.122532E-04  0.693113E-05
  0.361796E-02  0.719250E+01  0.131433E+01  0.166099E-02  0.264945E+00  0.346041E+01  0.856758E-05  0.728317E-05
  0.356876E-02  0.722404E+01  0.141043E+01  0.164724E-02  0.268827E+00  0.313369E+01  0.597480E-05  0.392468E-05
  0.191700E-02  0.727292E+01  0.532272E+00  0.153438E-02  0.267002E+00  0.149791E+01  0.145256E-05  0.187182E-05
  0.000000E+00  0.727834E+01 -0.112064E+00  0.152270E-02  0.263794E+00  0.254277E+00  0.226439E-06  0.119195E-06
  0.000000E+00  0.724214E+01 -0.213325E+00  0.151193E-02  0.261548E+00  0.738819E-01  0.402422E-07  0.170656E-05
  0.000000E+00  0.721367E+01 -0.236135E+00  0.149107E-02  0.259154E+00  0.516738E-02  0.487406E-08 -0.280298E-06
  0.000000E+00  0.715867E+01 -0.218059E+00  0.148105E-02  0.258485E+00  0.128793E-01  0.714537E-08  0.468888E-06
  0.000000E+00  0.715099E+01 -0.189226E+00  0.147211E-02  0.258128E+00  0.815407E-01  0.114900E-06  0.247826E-05
  0.000000E+00  0.714360E+01  0.554188E-01  0.146294E-02  0.258167E+00  0.450135E+00  0.110367E-05  0.456192E-05
  0.000000E+00  0.713284E+01  0.876197E+00  0.145447E-02  0.261557E+00  0.182584E+01  0.565133E-05  0.472702E-05
  0.903687E-07  0.716093E+01  0.136137E+01  0.144752E-02  0.265107E+00  0.304797E+01  0.838414E-05  0.548777E-05
  0.304858E-02  0.716188E+01  0.148408E+01  0.152938E-02  0.268805E+00  0.368944E+01  0.122410E-04  0.700716E-05
  0.312312E-02  0.715374E+01  0.130644E+01  0.152106E-02  0.269628E+00  0.345727E+01  0.855524E-05  0.731617E-05
  0.309446E-02  0.718715E+01  0.140327E+01  0.151319E-02  0.273659E+00  0.312868E+01  0.597653E-05  0.394472E-05
  0.167521E-02  0.723566E+01  0.526605E+00  0.141861E-02  0.272275E+00  0.149359E+01  0.144467E-05  0.186371E-05
  0.000000E+00  0.724668E+01 -0.115309E+00  0.141217E-02  0.272885E+00  0.253514E+00  0.225550E-06  0.121242E-06
  0.000000E+00  0.724941E+01 -0.215619E+00  0.140619E-02  0.272030E+00  0.713001E-01  0.391680E-07  0.167758E-05
  0.000000E+00  0.723586E+01 -0.235976E+00  0.139067E-02  0.269607E+00  0.508199E-02  0.479448E-08 -0.283076E-06
  0.000000E+00  0.718082E+01 -0.218119E+00  0.138502E-02  0.268871E+00  0.129094E-01  0.716521E-08  0.463625E-06
  0.000000E+00  0.717318E+01 -0.195997E+00  0.138013E-02  0.268539E+00  0.751485E-01  0.940887E-07  0.250332E-05
  0.000000E+00  0.716622E+01  0.574476E-01  0.137492E-02  0.268157E+00  0.450008E+00  0.110126E-05  0.456075E-05
  0.000000E+00  0.715358E+01  0.878026E+00  0.137008E-02  0.271414E+00  0.182973E+01  0.566650E-05  0.474475E-05
  0.116809E-06  0.718152E+01  0.136309E+01  0.136552E-02  0.280038E+00  0.305093E+01  0.839300E-05  0.547756E-05
  0.276592E-02  0.718216E+01  0.148164E+01  0.144258E-02  0.263632E+00  0.368830E+01  0.122305E-04  0.695317E-05
  0.284195E-02  0.717136E+01  0.130570E+01  0.143754E-02  0.263801E+00  0.346006E+01  0.854990E-05  0.731943E-05
  0.282511E-02  0.720837E+01  0.140447E+01  0.143261E-02  0.251090E+00  0.313429E+01  0.596840E-05  0.392325E-05
  0.152267E-02  0.725566E+01  0.526977E+00  0.134773E-02  0.250018E+00  0.149789E+01  0.146585E-05  0.190199E-05
  0.000000E+00  0.726828E+01 -0.115299E+00  0.134349E-02  0.250166E+00  0.253577E+00  0.227638E-06  0.145838E-06
  0.000000E+00  0.726688E+01 -0.213488E+00  0.133956E-02  0.249744E+00  0.740781E-01  0.410625E-07  0.177782E-05
  0.000000E+00  0.725768E+01 -0.235710E+00  0.132650E-02  0.247491E+00  0.524954E-02  0.509655E-08 -0.239061E-06
  0.000000E+00  0.720265E+01 -0.217800E+00  0.132278E-02  0.246768E+00  0.129504E-01  0.731911E-08  0.491596E-06
  0.000000E+00  0.719510E+01 -0.195794E+00  0.131956E-02  0.246443E+00  0.749846E-01  0.949802E-07  0.253610E-05
  0.000000E+00  0.718885E+01  0.578940E-01  0.131612E-02  0.246454E+00  0.451393E+00  0.110932E-05  0.456364E-05
  0.000000E+00  0.717609E+01  0.875283E+00  0.131293E-02  0.249489E+00  0.182722E+01  0.567297E-05  0.471223E-05
  0.879768E-07  0.720456E+01  0.136122E+01  0.131033E-02  0.255849E+00  0.305344E+01  0.843784E-05  0.551296E-05
  0.258017E-02  0.718661E+01  0.148558E+01  0.138367E-02  0.259157E+00  0.370112E+01  0.123164E-04  0.686563E-05
  0.266043E-02  0.717596E+01  0.130442E+01  0.138037E-02  0.259828E+00  0.346712E+01  0.858626E-05  0.727058E-05
  0.264983E-02  0.721292E+01  0.140198E+01  0.137714E-02  0.263281E+00  0.313710E+01  0.595474E-05  0.389703E-05
  0.142326E-02  0.725871E+01  0.525136E+00  0.129860E-02  0.264055E+00  0.149866E+01  0.145546E-05  0.190648E-05
  0.000000E+00  0.728865E+01 -0.117221E+00  0.129584E-02  0.264217E+00  0.253341E+00  0.226353E-06  0.134222E-06
  0.000000E+00  0.728747E+01 -0.215396E+00  0.129327E-02  0.263779E+00  0.739151E-01  0.399986E-07  0.177030E-05
  0.000000E+00  0.727840E+01 -0.237315E+00  0.128184E-02  0.261401E+00  0.522564E-02  0.495344E-08 -0.245831E-06
  0.000000E+00  0.722338E+01 -0.219340E+00  0.127941E-02  0.255805E+00  0.129314E-01  0.712296E-08  0.486393E-06
  0.000000E+00  0.721611E+01 -0.197734E+00  0.127730E-02  0.255462E+00  0.748961E-01  0.941362E-07  0.253611E-05
  0.000000E+00  0.720974E+01  0.552642E-01  0.127504E-02  0.255414E+00  0.450047E+00  0.110541E-05  0.453834E-05
  0.000000E+00  0.719704E+01  0.871457E+00  0.127294E-02  0.258383E+00  0.182556E+01  0.566326E-05  0.468434E-05
  0.134934E-07  0.722641E+01  0.135798E+01  0.127100E-02  0.266634E+00  0.305454E+01  0.842630E-05  0.550698E-05
  0.246414E-02  0.722708E+01  0.148096E+01  0.134197E-02  0.245917E+00  0.369873E+01  0.123004E-04  0.679818E-05
  0.254132E-02  0.719340E+01  0.129733E+01  0.133979E-02  0.245988E+00  0.346489E+01  0.857459E-05  0.724096E-05
  0.253474E-02  0.723036E+01  0.139825E+01  0.133764E-02  0.249392E+00  0.313782E+01  0.596586E-05  0.387935E-05
  0.136370E-02  0.727774E+01  0.521879E+00  0.126321E-02  0.249701E+00  0.149768E+01  0.145174E-05  0.189761E-05
  0.000000E+00  0.730248E+01 -0.119609E+00  0.126134E-02  0.247985E+00  0.253042E+00  0.225756E-06  0.126048E-06
  0.000000E+00  0.728383E+01 -0.218594E+00  0.125959E-02  0.247513E+00  0.738985E-01  0.401045E-07  0.174862E-05
  0.000000E+00  0.727459E+01 -0.240331E+00  0.124920E-02  0.245069E+00  0.520384E-02  0.490320E-08 -0.257748E-06
  0.000000E+00  0.721937E+01 -0.222313E+00  0.124752E-02  0.244291E+00  0.129400E-01  0.715616E-08  0.481785E-06
  0.000000E+00  0.721186E+01 -0.193782E+00  0.124601E-02  0.243932E+00  0.816512E-01  0.115277E-06  0.250114E-05
  0.000000E+00  0.720460E+01  0.505690E-01  0.124443E-02  0.243745E+00  0.451126E+00  0.110927E-05  0.456250E-05
  0.000000E+00  0.719183E+01  0.869323E+00  0.124296E-02  0.246583E+00  0.182870E+01  0.567343E-05  0.468900E-05
  0.336215E-07  0.722149E+01  0.135355E+01  0.124165E-02  0.254803E+00  0.305657E+01  0.843462E-05  0.551279E-05
  0.238326E-02  0.722211E+01  0.147327E+01  0.131084E-02  0.257340E+00  0.369735E+01  0.122869E-04  0.675586E-05
  0.245993E-02  0.720749E+01  0.129215E+01  0.130925E-02  0.257603E+00  0.346293E+01  0.856820E-05  0.722398E-05
  0.245549E-02  0.724262E+01  0.139377E+01  0.130767E-02  0.259166E+00  0.313546E+01  0.597872E-05  0.386981E-05
  0.132091E-02  0.727017E+01  0.517665E+00  0.123592E-02  0.259762E+00  0.149541E+01  0.144823E-05  0.188995E-05
  0.000000E+00  0.729640E+01 -0.123389E+00  0.123452E-02  0.259560E+00  0.252039E+00  0.225146E-06  0.123822E-06
  0.000000E+00  0.729166E+01 -0.222527E+00  0.123321E-02  0.258774E+00  0.713672E-01  0.392657E-07  0.172186E-05
  0.000000E+00  0.727928E+01 -0.242537E+00  0.122341E-02  0.256078E+00  0.511335E-02  0.488885E-08 -0.261176E-06
  0.000000E+00  0.722121E+01 -0.224564E+00  0.122214E-02  0.255030E+00  0.129608E-01  0.717196E-08  0.475541E-06
  0.000000E+00  0.721116E+01 -0.203375E+00  0.122102E-02  0.254439E+00  0.751338E-01  0.942698E-07  0.251890E-05
  0.000000E+00  0.720200E+01  0.495891E-01  0.121982E-02  0.254072E+00  0.450062E+00  0.110557E-05  0.453944E-05
  0.000000E+00  0.718684E+01  0.867372E+00  0.121868E-02  0.256789E+00  0.183086E+01  0.568465E-05  0.468770E-05
  0.388254E-07  0.721460E+01  0.134742E+01  0.121762E-02  0.254395E+00  0.305560E+01  0.843198E-05  0.545140E-05
  0.231839E-02  0.720550E+01  0.146312E+01  0.128537E-02  0.257112E+00  0.369275E+01  0.122611E-04  0.672134E-05
  0.239884E-02  0.718963E+01  0.128533E+01  0.128418E-02  0.244510E+00  0.346289E+01  0.855262E-05  0.719483E-05
  0.239585E-02  0.720851E+01  0.139025E+01  0.128301E-02  0.246046E+00  0.313907E+01  0.598425E-05  0.385934E-05
  0.128269E-02  0.724131E+01  0.515190E+00  0.121329E-02  0.244955E+00  0.149745E+01  0.144447E-05  0.187477E-05
  0.000000E+00  0.725283E+01 -0.127330E+00  0.121224E-02  0.242993E+00  0.252202E+00  0.224526E-06  0.112615E-06
  0.000000E+00  0.723097E+01 -0.225884E+00  0.121125E-02  0.242184E+00  0.736047E-01  0.401786E-07  0.170927E-05
  0.000000E+00  0.721889E+01 -0.247028E+00  0.120190E-02  0.239820E+00  0.514470E-02  0.483954E-08 -0.274516E-06
  0.000000E+00  0.716481E+01 -0.228709E+00  0.120092E-02  0.239091E+00  0.128814E-01  0.718819E-08  0.468480E-06
  0.000000E+00  0.715797E+01 -0.207749E+00  0.120005E-02  0.238738E+00  0.748458E-01  0.939552E-07  0.250661E-05
  0.000000E+00  0.715182E+01  0.458549E-01  0.119910E-02  0.238585E+00  0.450703E+00  0.110585E-05  0.454708E-05
  0.000000E+00  0.714015E+01  0.864179E+00  0.119820E-02  0.241240E+00  0.183292E+01  0.569025E-05  0.469749E-05
  0.333184E-07  0.716975E+01  0.133850E+01  0.119754E-02  0.248905E+00  0.305355E+01  0.842868E-05  0.544673E-05
  0.227276E-02  0.717084E+01  0.145325E+01  0.126417E-02  0.241137E+00  0.368984E+01  0.122472E-04  0.675688E-05
  0.235242E-02  0.715782E+01  0.127811E+01  0.126320E-02  0.241273E+00  0.346185E+01  0.854326E-05  0.722847E-05
  0.235021E-02  0.719513E+01  0.138774E+01  0.126224E-02  0.244520E+00  0.313983E+01  0.599109E-05  0.387871E-05
  0.125702E-02  0.724491E+01  0.514164E+00  0.119397E-02  0.243971E+00  0.149810E+01  0.143967E-05  0.188215E-05
  0.000000E+00  0.726217E+01 -0.128013E+00  0.119309E-02  0.242763E+00  0.251930E+00  0.223835E-06  0.118673E-06
  0.000000E+00  0.724904E+01 -0.226054E+00  0.119224E-02  0.241020E+00  0.737012E-01  0.402266E-07  0.170680E-05
