  0.000000E+00 -0.202240E-06  0.225302E-04  0.000000E+00  0.000000E+00 -0.145785E-06
  0.000000E+00 -0.219684E-06  0.225067E-04  0.000000E+00  0.000000E+00  0.140422E-05
  0.000000E+00 -0.236931E-06  0.224816E-04  0.000000E+00  0.000000E+00  0.227840E-05
  0.000000E+00 -0.102074E-05  0.224574E-04  0.000000E+00  0.000000E+00  0.303388E-05
  0.000000E+00 -0.609640E-05  0.224323E-04  0.000000E+00  0.000000E+00  0.137532E-05
  0.195452E-03  0.223778E-03  0.341067E-04  0.374182E-03  0.837730E-09  0.190569E-04
  0.407564E-03  0.460966E-03  0.340686E-04  0.767947E-03  0.854447E-09  0.153915E-04
  0.315192E-03  0.284866E-03  0.223581E-04  0.486957E-03  0.436155E-09  0.131618E-04
  0.000000E+00 -0.126613E-04  0.223340E-04  0.000000E+00  0.000000E+00 -0.398426E-06
  0.000000E+00 -0.921784E-05  0.223091E-04  0.000000E+00  0.000000E+00 -0.496444E-06
  0.000000E+00 -0.892828E-05  0.222850E-04  0.000000E+00  0.000000E+00 -0.959995E-07
