  0.000000E+00 -0.202240E-06  0.225302E-04  0.000000E+00  0.000000E+00 -0.145785E-06
  0.000000E+00 -0.219684E-06  0.225067E-04  0.000000E+00  0.000000E+00  0.140422E-05
  0.000000E+00 -0.236931E-06  0.224816E-04  0.000000E+00  0.000000E+00  0.227840E-05
  0.000000E+00 -0.102074E-05  0.224574E-04  0.000000E+00  0.000000E+00  0.303388E-05
  0.000000E+00 -0.609640E-05  0.224323E-04  0.000000E+00  0.000000E+00  0.137532E-05
  0.195452E-03  0.223778E-03  0.341067E-04  0.374182E-03  0.837730E-09  0.190569E-04
  0.407564E-03  0.460966E-03  0.340686E-04  0.767947E-03  0.854447E-09  0.153915E-04
  0.315192E-03  0.284866E-03  0.223581E-04  0.486957E-03  0.436155E-09  0.131618E-04
  0.000000E+00 -0.126613E-04  0.223340E-04  0.000000E+00  0.000000E+00 -0.398426E-06
  0.000000E+00 -0.921784E-05  0.223091E-04  0.000000E+00  0.000000E+00 -0.496444E-06
  0.000000E+00 -0.892828E-05  0.222850E-04  0.000000E+00  0.000000E+00 -0.959995E-07
  0.000000E+00 -0.730785E-05  0.221204E-04  0.000000E+00  0.000000E+00 -0.341723E-06
  0.000000E+00 -0.583160E-05  0.220957E-04  0.000000E+00  0.000000E+00 -0.164247E-06
  0.000000E+00 -0.539411E-05  0.220734E-04  0.000000E+00  0.000000E+00  0.517446E-06
  0.000000E+00 -0.517531E-05  0.220488E-04  0.000000E+00  0.000000E+00  0.175183E-05
  0.000000E+00 -0.590223E-05  0.220250E-04  0.000000E+00  0.000000E+00  0.345523E-05
  0.000000E+00 -0.866406E-05  0.220004E-04  0.000000E+00  0.000000E+00  0.193178E-05
  0.373472E-03  0.440719E-03  0.334500E-04  0.728409E-03  0.173275E-08  0.296054E-04
  0.399717E-03  0.453697E-03  0.334127E-04  0.754421E-03  0.856095E-09  0.195490E-04
  0.386391E-03  0.327070E-03  0.333754E-04  0.544983E-03  0.459871E-09  0.151266E-04
  0.146241E-03  0.508566E-04  0.219040E-04  0.118828E-03  0.360793E-10 -0.120744E-06
  0.000000E+00 -0.157669E-04  0.218796E-04  0.000000E+00  0.000000E+00 -0.492417E-06
  0.000000E+00 -0.148913E-04  0.218559E-04  0.000000E+00  0.000000E+00 -0.860785E-07
  0.000000E+00 -0.139709E-04  0.216945E-04  0.000000E+00  0.000000E+00 -0.337670E-06
  0.000000E+00 -0.146195E-04  0.216703E-04  0.000000E+00  0.000000E+00 -0.157159E-06
  0.000000E+00 -0.140046E-04  0.216485E-04  0.000000E+00  0.000000E+00  0.529538E-06
  0.000000E+00 -0.131201E-04  0.216243E-04  0.000000E+00  0.000000E+00  0.177256E-05
  0.000000E+00 -0.123841E-04  0.216010E-04  0.000000E+00  0.000000E+00  0.346791E-05
  0.000000E+00 -0.140296E-04  0.215769E-04  0.000000E+00  0.000000E+00  0.594552E-05
  0.392445E-03  0.463124E-03  0.328060E-04  0.772097E-03  0.177953E-08  0.418210E-04
  0.392021E-03  0.439935E-03  0.327694E-04  0.737323E-03  0.837844E-09  0.226876E-04
  0.391584E-03  0.321295E-03  0.327329E-04  0.535394E-03  0.438431E-09  0.170921E-04
  0.143426E-03  0.592398E-04  0.214823E-04  0.119885E-03  0.429542E-10  0.545663E-06
  0.000000E+00 -0.128140E-04  0.214583E-04  0.000000E+00  0.000000E+00 -0.488738E-06
  0.000000E+00 -0.123456E-04  0.214352E-04  0.000000E+00  0.000000E+00 -0.829098E-07
  0.000000E+00 -0.118169E-04  0.212768E-04  0.000000E+00  0.000000E+00 -0.336832E-06
  0.000000E+00 -0.135945E-04  0.212531E-04  0.000000E+00  0.000000E+00 -0.156589E-06
  0.000000E+00 -0.131763E-04  0.212317E-04  0.000000E+00  0.000000E+00  0.533499E-06
  0.000000E+00 -0.124894E-04  0.212080E-04  0.000000E+00  0.000000E+00  0.177734E-05
  0.000000E+00 -0.119455E-04  0.211851E-04  0.000000E+00  0.000000E+00  0.346650E-05
  0.124162E-04 -0.138081E-04  0.212474E-03  0.000000E+00  0.000000E+00  0.605101E-05
  0.109050E-02  0.131920E-02  0.264254E-03  0.209785E-02  0.524138E-08  0.429328E-04
  0.220391E-02  0.247803E-02  0.264773E-03  0.404515E-02  0.653788E-08  0.242808E-04
  0.220145E-02  0.184121E-02  0.264478E-03  0.299141E-02  0.356780E-08  0.173913E-04
  0.806327E-03  0.391342E-03  0.201141E-03  0.714385E-03  0.375433E-09  0.557185E-06
  0.000000E+00 -0.421196E-04  0.200917E-03  0.000000E+00  0.000000E+00 -0.487336E-06
  0.000000E+00 -0.414981E-04  0.200700E-03  0.000000E+00  0.000000E+00 -0.854368E-07
  0.000000E+00 -0.398574E-04  0.199218E-03  0.000000E+00  0.000000E+00 -0.336674E-06
  0.000000E+00 -0.419040E-04  0.198995E-03  0.000000E+00  0.000000E+00 -0.156641E-06
  0.000000E+00 -0.409164E-04  0.198788E-03  0.000000E+00  0.000000E+00  0.564096E-06
  0.000000E+00 -0.390568E-04  0.198566E-03  0.000000E+00  0.000000E+00  0.185113E-05
  0.000000E+00 -0.383333E-04  0.198352E-03  0.000000E+00  0.000000E+00  0.346342E-05
  0.139679E-03  0.702988E-04  0.507576E-03  0.123524E-03  0.191621E-09  0.700099E-05
  0.369130E-02  0.444010E-02  0.561990E-03  0.722003E-02  0.221142E-07  0.433155E-04
  0.405070E-02  0.456697E-02  0.561363E-03  0.748756E-02  0.136284E-07  0.248148E-04
  0.404618E-02  0.347986E-02  0.560737E-03  0.565530E-02  0.769857E-08  0.181439E-04
  0.148200E-02  0.778563E-03  0.444246E-03  0.141520E-02  0.908390E-09  0.822502E-06
  0.000000E+00 -0.773524E-04  0.443750E-03  0.000000E+00  0.000000E+00 -0.487429E-06
  0.000000E+00 -0.770204E-04  0.443271E-03  0.000000E+00  0.000000E+00 -0.931908E-07
  0.000000E+00 -0.743419E-04  0.439997E-03  0.000000E+00  0.000000E+00 -0.336674E-06
  0.000000E+00 -0.802143E-04  0.439506E-03  0.000000E+00  0.000000E+00 -0.156894E-06
  0.000000E+00 -0.784036E-04  0.439063E-03  0.000000E+00  0.000000E+00  0.523313E-06
  0.000000E+00 -0.753868E-04  0.438574E-03  0.000000E+00  0.000000E+00  0.177883E-05
  0.000000E+00 -0.790870E-04  0.438100E-03  0.000000E+00  0.000000E+00  0.345976E-05
  0.256734E-03  0.122907E-03  0.119486E-02  0.233406E-03  0.372038E-09  0.720874E-05
  0.712186E-02  0.850337E-02  0.131114E-02  0.138466E-01  0.440462E-07  0.440382E-04
  0.800550E-02  0.901272E-02  0.130968E-02  0.147823E-01  0.283983E-07  0.249672E-04
  0.799657E-02  0.698951E-02  0.130822E-02  0.113410E-01  0.163506E-07  0.181920E-04
  0.292891E-02  0.160859E-02  0.107778E-02  0.290371E-02  0.203130E-08  0.820465E-06
  0.000000E+00 -0.149213E-03  0.107657E-02  0.000000E+00  0.000000E+00 -0.487532E-06
  0.000000E+00 -0.149075E-03  0.107541E-02  0.000000E+00  0.000000E+00 -0.870916E-07
  0.000000E+00 -0.144440E-03  0.106747E-02  0.000000E+00  0.000000E+00 -0.336508E-06
  0.000000E+00 -0.155424E-03  0.106628E-02  0.000000E+00  0.000000E+00 -0.157555E-06
  0.000000E+00 -0.152599E-03  0.106520E-02  0.000000E+00  0.000000E+00  0.517435E-06
  0.000000E+00 -0.147107E-03  0.106402E-02  0.000000E+00  0.000000E+00  0.177732E-05
  0.000000E+00 -0.158372E-03  0.106287E-02  0.000000E+00  0.000000E+00  0.346057E-05
  0.507389E-03  0.241051E-03  0.254153E-02  0.465851E-03  0.747301E-09  0.721933E-05
  0.131877E-01  0.158834E-01  0.272937E-02  0.259153E-01  0.837901E-07  0.438519E-04
  0.143704E-01  0.162792E-01  0.272632E-02  0.267107E-01  0.522390E-07  0.249236E-04
  0.143544E-01  0.127116E-01  0.272328E-02  0.206198E-01  0.304606E-07  0.183604E-04
  0.525759E-02  0.295185E-02  0.230922E-02  0.532853E-02  0.380136E-08  0.967903E-06
  0.000000E+00 -0.273804E-03  0.230665E-02  0.000000E+00  0.000000E+00 -0.487322E-06
  0.000000E+00 -0.273257E-03  0.230415E-02  0.000000E+00  0.000000E+00 -0.891856E-07
  0.000000E+00 -0.264318E-03  0.228713E-02  0.000000E+00  0.000000E+00 -0.336245E-06
  0.000000E+00 -0.285510E-03  0.228458E-02  0.000000E+00  0.000000E+00 -0.158599E-06
  0.000000E+00 -0.279521E-03  0.228228E-02  0.000000E+00  0.000000E+00  0.512931E-06
  0.000000E+00 -0.269151E-03  0.227974E-02  0.000000E+00  0.000000E+00  0.177662E-05
  0.000000E+00 -0.290707E-03  0.227727E-02  0.000000E+00  0.000000E+00  0.346270E-05
  0.910797E-03  0.440847E-03  0.502093E-02  0.856263E-03  0.136600E-08  0.749091E-05
  0.227477E-01  0.276772E-01  0.531752E-02  0.452080E-01  0.147103E-06  0.443525E-04
  0.243899E-01  0.278040E-01  0.531159E-02  0.456287E-01  0.901241E-07  0.249601E-04
  0.243627E-01  0.217576E-01  0.530566E-02  0.352890E-01  0.528415E-07  0.183709E-04
  0.892334E-02  0.504865E-02  0.460217E-02  0.910927E-02  0.652759E-08  0.976605E-06
  0.000000E+00 -0.465148E-03  0.459703E-02  0.000000E+00  0.000000E+00 -0.487590E-06
  0.000000E+00 -0.465001E-03  0.459207E-02  0.000000E+00  0.000000E+00 -0.927893E-07
  0.000000E+00 -0.449872E-03  0.455815E-02  0.000000E+00  0.000000E+00 -0.335871E-06
  0.000000E+00 -0.486831E-03  0.455307E-02  0.000000E+00  0.000000E+00 -0.160271E-06
  0.000000E+00 -0.476728E-03  0.454831E-02  0.000000E+00  0.000000E+00  0.536165E-06
  0.000000E+00 -0.459392E-03  0.454324E-02  0.000000E+00  0.000000E+00  0.183902E-05
  0.000000E+00 -0.502184E-03  0.453833E-02  0.000000E+00  0.000000E+00  0.346859E-05
  0.154578E-02  0.747636E-03  0.929479E-02  0.146433E-02  0.232696E-08  0.767175E-05
  0.371256E-01  0.450624E-01  0.973818E-02  0.737606E-01  0.240683E-06  0.440128E-04
  0.393160E-01  0.446428E-01  0.972732E-02  0.733478E-01  0.145738E-06  0.247653E-04
  0.392721E-01  0.349496E-01  0.971647E-02  0.567278E-01  0.859455E-07  0.182522E-04
  0.143842E-01  0.807597E-02  0.858120E-02  0.146114E-01  0.104519E-07  0.971720E-06
  0.000000E+00 -0.774848E-03  0.857162E-02  0.000000E+00  0.000000E+00 -0.488033E-06
  0.000000E+00 -0.771991E-03  0.856237E-02  0.000000E+00  0.000000E+00 -0.104579E-06
  0.000000E+00 -0.747522E-03  0.849912E-02  0.000000E+00  0.000000E+00 -0.335728E-06
  0.000000E+00 -0.805260E-03  0.848964E-02  0.000000E+00  0.000000E+00 -0.162787E-06
  0.000000E+00 -0.788155E-03  0.848109E-02  0.000000E+00  0.000000E+00  0.491421E-06
  0.000000E+00 -0.758751E-03  0.847162E-02  0.000000E+00  0.000000E+00  0.177155E-05
  0.000000E+00 -0.822003E-03  0.846248E-02  0.000000E+00  0.000000E+00  0.346089E-05
  0.249185E-02  0.119597E-02  0.161928E-01  0.235818E-02  0.373805E-08  0.735029E-05
  0.576385E-01  0.699521E-01  0.168217E-01  0.114658E+00  0.374572E-06  0.435243E-04
  0.604061E-01  0.685518E-01  0.168029E-01  0.112692E+00  0.224569E-06  0.245177E-04
  0.603387E-01  0.538657E-01  0.167842E-01  0.874334E-01  0.134148E-06  0.181327E-04
  0.221003E-01  0.124014E-01  0.150379E-01  0.224383E-01  0.158601E-07  0.101665E-05
  0.000000E+00 -0.115968E-02  0.150211E-01  0.000000E+00  0.000000E+00 -0.487901E-06
  0.000000E+00 -0.115631E-02  0.150049E-01  0.000000E+00  0.000000E+00 -0.100996E-06
  0.000000E+00 -0.112192E-02  0.148941E-01  0.000000E+00  0.000000E+00 -0.335254E-06
  0.000000E+00 -0.121201E-02  0.148775E-01  0.000000E+00  0.000000E+00 -0.166367E-06
  0.000000E+00 -0.118713E-02  0.148625E-01  0.000000E+00  0.000000E+00  0.477913E-06
  0.000000E+00 -0.114492E-02  0.148459E-01  0.000000E+00  0.000000E+00  0.176839E-05
  0.000000E+00 -0.128265E-02  0.148299E-01  0.000000E+00  0.000000E+00  0.345965E-05
  0.382854E-02  0.214395E-02  0.268389E-01  0.363515E-02  0.575514E-08  0.842461E-05
  0.857588E-01  0.103636E+00  0.277026E-01  0.168261E+00  0.570854E-06  0.431174E-04
  0.892589E-01  0.100646E+00  0.276717E-01  0.164944E+00  0.334570E-06  0.249638E-04
  0.891594E-01  0.782889E-01  0.276409E-01  0.126751E+00  0.200827E-06  0.179316E-04
  0.326565E-01  0.182675E-01  0.250574E-01  0.324017E-01  0.231764E-07  0.614403E-06
  0.000000E+00 -0.129634E-02  0.250295E-01  0.000000E+00  0.000000E+00 -0.507253E-06
  0.000000E+00 -0.132489E-02  0.250025E-01  0.000000E+00  0.000000E+00 -0.115468E-06
  0.000000E+00 -0.132142E-02  0.248178E-01  0.000000E+00  0.000000E+00 -0.336530E-06
  0.000000E+00 -0.143425E-02  0.247901E-01  0.000000E+00  0.000000E+00 -0.172086E-06
  0.000000E+00 -0.147714E-02  0.247651E-01  0.000000E+00  0.000000E+00  0.459422E-06
  0.000000E+00 -0.145295E-02  0.247375E-01  0.000000E+00  0.000000E+00  0.174567E-05
  0.000000E+00 -0.208621E-02  0.247108E-01  0.000000E+00  0.000000E+00  0.342515E-05
  0.565724E-02  0.250842E-02  0.423375E-01  0.526300E-02  0.825999E-08  0.100198E-04
  0.122683E+00  0.141593E+00  0.434671E-01  0.230966E+00  0.936244E-06  0.319665E-04
  0.126835E+00  0.140414E+00  0.434186E-01  0.230235E+00  0.531873E-06  0.231570E-04
  0.126693E+00  0.109146E+00  0.433702E-01  0.176742E+00  0.318094E-06  0.164836E-04
  0.464041E-01  0.257287E-01  0.396948E-01  0.459869E-01  0.333042E-07  0.717908E-06
  0.000000E+00 -0.206541E-02  0.396505E-01  0.000000E+00  0.000000E+00 -0.508004E-06
  0.000000E+00 -0.210476E-02  0.396077E-01  0.000000E+00  0.000000E+00 -0.123936E-06
  0.000000E+00 -0.208420E-02  0.393151E-01  0.000000E+00  0.000000E+00 -0.336469E-06
  0.000000E+00 -0.223617E-02  0.392713E-01  0.000000E+00  0.000000E+00 -0.178519E-06
  0.000000E+00 -0.229382E-02  0.392303E-01  0.000000E+00  0.000000E+00  0.472002E-06
  0.000000E+00 -0.224377E-02  0.391865E-01  0.000000E+00  0.000000E+00  0.179775E-05
  0.000000E+00 -0.322778E-02  0.391442E-01  0.000000E+00  0.000000E+00  0.341877E-05
  0.814278E-02  0.323846E-02  0.576847E-01  0.745064E-02  0.116918E-07  0.100526E-04
  0.160423E+00  0.171338E+00  0.586755E-01  0.298108E+00  0.122834E-05  0.311107E-04
  0.162634E+00  0.168091E+00  0.586100E-01  0.290991E+00  0.697663E-06  0.230001E-04
  0.162452E+00  0.131758E+00  0.585446E-01  0.222683E+00  0.420438E-06  0.159149E-04
  0.595015E-01  0.284823E-01  0.538287E-01  0.586854E-01  0.429003E-07  0.842906E-06
  0.000000E+00 -0.663419E-02  0.537686E-01  0.000000E+00  0.000000E+00 -0.507196E-06
  0.000000E+00 -0.658628E-02  0.537106E-01  0.000000E+00  0.000000E+00 -0.136261E-06
  0.000000E+00 -0.642376E-02  0.533138E-01  0.000000E+00  0.000000E+00 -0.336474E-06
  0.000000E+00 -0.649867E-02  0.532544E-01  0.000000E+00  0.000000E+00 -0.183246E-06
  0.000000E+00 -0.644404E-02  0.532007E-01  0.000000E+00  0.000000E+00  0.423470E-06
  0.000000E+00 -0.621317E-02  0.531413E-01  0.000000E+00  0.000000E+00  0.174102E-05
  0.000000E+00 -0.905345E-02  0.530840E-01  0.000000E+00  0.000000E+00  0.339555E-05
  0.104411E-01 -0.435480E-03  0.772610E-01  0.957807E-02  0.153841E-07  0.113804E-04
  0.205872E+00  0.213368E+00  0.785953E-01  0.377025E+00  0.166352E-05  0.268341E-04
  0.210765E+00  0.212709E+00  0.785077E-01  0.374606E+00  0.923353E-06  0.231474E-04
  0.210964E+00  0.168081E+00  0.784326E-01  0.287830E+00  0.555856E-06  0.159486E-04
  0.772700E-01  0.354380E-01  0.723058E-01  0.766448E-01  0.567156E-07  0.101574E-05
  0.000000E+00 -0.985044E-02  0.722251E-01  0.000000E+00  0.000000E+00 -0.505979E-06
  0.000000E+00 -0.987092E-02  0.721471E-01  0.000000E+00  0.000000E+00 -0.130849E-06
  0.000000E+00 -0.950505E-02  0.716142E-01  0.000000E+00  0.000000E+00 -0.336488E-06
  0.000000E+00 -0.956293E-02  0.715343E-01  0.000000E+00  0.000000E+00 -0.188613E-06
  0.000000E+00 -0.948603E-02  0.714622E-01  0.000000E+00  0.000000E+00  0.407542E-06
  0.000000E+00 -0.915095E-02  0.713825E-01  0.000000E+00  0.000000E+00  0.173193E-05
  0.000000E+00 -0.138566E-01  0.713054E-01  0.000000E+00  0.000000E+00  0.336604E-05
  0.202504E-01  0.479639E-02  0.102847E+00  0.245598E-01  0.549016E-07  0.121783E-04
  0.269230E+00  0.273779E+00  0.104680E+00  0.486725E+00  0.216436E-05  0.269163E-04
  0.277029E+00  0.273707E+00  0.104563E+00  0.484726E+00  0.121416E-05  0.234620E-04
  0.278268E+00  0.217945E+00  0.104491E+00  0.374509E+00  0.731475E-06  0.160518E-04
  0.101921E+00  0.461327E-01  0.964086E-01  0.101014E+00  0.761140E-07  0.115404E-05
  0.000000E+00 -0.132609E-01  0.963010E-01  0.000000E+00  0.000000E+00 -0.504708E-06
  0.000000E+00 -0.133665E-01  0.961970E-01  0.000000E+00  0.000000E+00 -0.135139E-06
  0.000000E+00 -0.127901E-01  0.954865E-01  0.000000E+00  0.000000E+00 -0.336882E-06
  0.000000E+00 -0.128560E-01  0.953799E-01  0.000000E+00  0.000000E+00 -0.193640E-06
  0.000000E+00 -0.127569E-01  0.952838E-01  0.000000E+00  0.000000E+00  0.390801E-06
  0.000000E+00 -0.123121E-01  0.951775E-01  0.000000E+00  0.000000E+00  0.171578E-05
  0.000000E+00 -0.188802E-01  0.950748E-01  0.000000E+00  0.000000E+00  0.332895E-05
  0.266952E-01  0.534930E-02  0.136485E+00  0.320458E-01  0.720374E-07  0.123292E-04
  0.359370E+00  0.358501E+00  0.139142E+00  0.637094E+00  0.283863E-05  0.268843E-04
  0.373194E+00  0.363674E+00  0.138986E+00  0.642974E+00  0.163337E-05  0.234983E-04
  0.376809E+00  0.292215E+00  0.138948E+00  0.500785E+00  0.985800E-06  0.160314E-04
  0.138014E+00  0.632082E-01  0.128005E+00  0.136803E+00  0.105031E-06  0.126332E-05
  0.000000E+00 -0.171283E-01  0.127863E+00  0.000000E+00  0.000000E+00 -0.502822E-06
  0.000000E+00 -0.172941E-01  0.127725E+00  0.000000E+00  0.000000E+00 -0.138391E-06
  0.000000E+00 -0.165439E-01  0.126781E+00  0.000000E+00  0.000000E+00 -0.337261E-06
  0.000000E+00 -0.166519E-01  0.126640E+00  0.000000E+00  0.000000E+00 -0.197495E-06
  0.000000E+00 -0.165262E-01  0.126508E+00  0.000000E+00  0.000000E+00  0.405662E-06
  0.000000E+00 -0.159550E-01  0.126366E+00  0.000000E+00  0.000000E+00  0.173792E-05
  0.000000E+00 -0.246423E-01  0.126230E+00  0.000000E+00  0.000000E+00  0.327986E-05
  0.361177E-01  0.773928E-02  0.182127E+00  0.429143E-01  0.971984E-07  0.123011E-04
  0.497359E+00  0.496038E+00  0.186173E+00  0.874823E+00  0.387760E-05  0.266772E-04
  0.519927E+00  0.503345E+00  0.185965E+00  0.884443E+00  0.226995E-05  0.231892E-04
  0.528290E+00  0.407975E+00  0.186015E+00  0.694748E+00  0.137697E-05  0.158311E-04
  0.193497E+00  0.897635E-01  0.170684E+00  0.190087E+00  0.151311E-06  0.131264E-05
  0.000000E+00 -0.216712E-01  0.170494E+00  0.000000E+00  0.000000E+00 -0.508748E-06
  0.000000E+00 -0.219212E-01  0.170310E+00  0.000000E+00  0.000000E+00 -0.142852E-06
  0.000000E+00 -0.209934E-01  0.169052E+00  0.000000E+00  0.000000E+00 -0.340738E-06
  0.000000E+00 -0.212545E-01  0.168863E+00  0.000000E+00  0.000000E+00 -0.204364E-06
  0.000000E+00 -0.210898E-01  0.168693E+00  0.000000E+00  0.000000E+00  0.381238E-06
  0.000000E+00 -0.204067E-01  0.168505E+00  0.000000E+00  0.000000E+00  0.172548E-05
  0.000000E+00 -0.319264E-01  0.168323E+00  0.000000E+00  0.000000E+00  0.331453E-05
  0.505869E-01  0.130965E-01  0.247505E+00  0.595816E-01  0.136479E-06  0.127281E-04
  0.716279E+00  0.698999E+00  0.254056E+00  0.122507E+01  0.539618E-05  0.260416E-04
  0.757660E+00  0.714242E+00  0.253772E+00  0.124905E+01  0.322235E-05  0.222426E-04
  0.756815E+00  0.576086E+00  0.253489E+00  0.976083E+00  0.192596E-05  0.152874E-04
  0.277199E+00  0.129104E+00  0.231540E+00  0.267452E+00  0.221882E-06  0.124361E-05
  0.000000E+00 -0.278413E-01  0.231282E+00  0.000000E+00  0.000000E+00 -0.536658E-06
  0.000000E+00 -0.280256E-01  0.231032E+00  0.000000E+00  0.000000E+00 -0.108832E-06
  0.000000E+00 -0.272046E-01  0.229325E+00  0.000000E+00  0.000000E+00 -0.347883E-06
  0.000000E+00 -0.272764E-01  0.229070E+00  0.000000E+00  0.000000E+00 -0.224419E-06
  0.000000E+00 -0.271088E-01  0.228839E+00  0.000000E+00  0.000000E+00  0.458912E-06
  0.000000E+00 -0.264086E-01  0.228584E+00  0.000000E+00  0.000000E+00  0.200453E-05
  0.000000E+00 -0.413729E-01  0.228337E+00  0.000000E+00  0.000000E+00  0.369338E-05
  0.723941E-01  0.228967E-01  0.342863E+00  0.833098E-01  0.194695E-06  0.140943E-04
  0.104007E+01  0.100471E+01  0.352822E+00  0.174892E+01  0.762397E-05  0.247817E-04
  0.110280E+01  0.101342E+01  0.352428E+00  0.176671E+01  0.459905E-05  0.204481E-04
  0.110258E+01  0.829634E+00  0.352064E+00  0.139828E+01  0.275173E-05  0.142580E-04
  0.403843E+00  0.187906E+00  0.320105E+00  0.381096E+00  0.339371E-06  0.108465E-05
  0.000000E+00 -0.354719E-01  0.319748E+00  0.000000E+00  0.000000E+00 -0.559988E-06
  0.000000E+00 -0.356662E-01  0.319403E+00  0.000000E+00  0.000000E+00 -0.560059E-07
  0.000000E+00 -0.350112E-01  0.317044E+00  0.000000E+00  0.000000E+00 -0.344481E-06
  0.000000E+00 -0.350794E-01  0.316690E+00  0.000000E+00  0.000000E+00 -0.240686E-06
  0.000000E+00 -0.350297E-01  0.316371E+00  0.000000E+00  0.000000E+00  0.565156E-06
  0.000000E+00 -0.340365E-01  0.316018E+00  0.000000E+00  0.000000E+00  0.238865E-05
  0.000000E+00 -0.539182E-01  0.315677E+00  0.000000E+00  0.000000E+00  0.416592E-05
  0.140285E+00  0.718785E-01  0.484846E+00  0.168900E+00  0.401450E-06  0.158671E-04
  0.152158E+01  0.140762E+01  0.499828E+00  0.244993E+01  0.106402E-04  0.221994E-04
  0.161381E+01  0.138553E+01  0.499455E+00  0.242441E+01  0.647440E-05  0.174752E-04
  0.161565E+01  0.116914E+01  0.499177E+00  0.196743E+01  0.390605E-05  0.123158E-04
  0.591886E+00  0.262076E+00  0.452524E+00  0.527806E+00  0.509436E-06  0.113259E-05
  0.000000E+00 -0.463696E-01  0.452193E+00  0.000000E+00  0.000000E+00 -0.563790E-06
  0.000000E+00 -0.465431E-01  0.451873E+00  0.000000E+00  0.000000E+00  0.469322E-07
  0.000000E+00 -0.454950E-01  0.448504E+00  0.000000E+00  0.000000E+00 -0.316051E-06
  0.000000E+00 -0.463888E-01  0.448176E+00  0.000000E+00  0.000000E+00 -0.237947E-06
  0.000000E+00 -0.457643E-01  0.447869E+00  0.000000E+00  0.000000E+00  0.759982E-06
  0.000000E+00 -0.443626E-01  0.447542E+00  0.000000E+00  0.000000E+00  0.302600E-05
  0.000000E+00 -0.701007E-01  0.447225E+00  0.000000E+00  0.000000E+00  0.476974E-05
  0.205726E+00  0.114128E+00  0.630362E+00  0.239919E+00  0.591103E-06  0.192994E-04
  0.198127E+01  0.177553E+01  0.643227E+00  0.310533E+01  0.133955E-04  0.195880E-04
  0.205214E+01  0.166035E+01  0.642733E+00  0.293514E+01  0.809939E-05  0.146122E-04
  0.205747E+01  0.143163E+01  0.642447E+00  0.242183E+01  0.490635E-05  0.102767E-04
  0.177704E+01  0.627690E+00  0.583021E+00  0.113286E+01  0.108822E-05  0.173110E-05
  0.000000E+00 -0.495102E-01  0.582582E+00  0.000000E+00  0.000000E+00 -0.421636E-06
  0.000000E+00 -0.539784E-01  0.582158E+00  0.000000E+00  0.000000E+00  0.159400E-06
  0.000000E+00 -0.537033E-01  0.577819E+00  0.000000E+00  0.000000E+00 -0.274267E-06
  0.000000E+00 -0.559221E-01  0.577385E+00  0.000000E+00  0.000000E+00 -0.218687E-06
  0.000000E+00 -0.558969E-01  0.576993E+00  0.000000E+00  0.000000E+00  0.863927E-06
  0.000000E+00 -0.544420E-01  0.576559E+00  0.000000E+00  0.000000E+00  0.342337E-05
  0.000000E+00 -0.897688E-01  0.576139E+00  0.000000E+00  0.000000E+00  0.519194E-05
  0.196533E+00  0.758954E-01  0.380869E+00  0.208080E+00  0.537664E-06  0.205525E-04
  0.258002E+01  0.217045E+01  0.395995E+00  0.383373E+01  0.165341E-04  0.174320E-04
  0.268574E+01  0.192568E+01  0.395554E+00  0.347035E+01  0.988431E-05  0.114451E-04
  0.269754E+01  0.173572E+01  0.395526E+00  0.296296E+01  0.617021E-05  0.766874E-05
  0.232788E+01  0.741807E+00  0.339916E+00  0.135449E+01  0.136606E-05  0.147208E-05
  0.000000E+00 -0.617874E-01  0.339536E+00  0.000000E+00  0.000000E+00 -0.332375E-06
  0.000000E+00 -0.669909E-01  0.339170E+00  0.000000E+00  0.000000E+00  0.345916E-06
  0.000000E+00 -0.666984E-01  0.336665E+00  0.000000E+00  0.000000E+00 -0.206713E-06
  0.000000E+00 -0.697443E-01  0.336289E+00  0.000000E+00  0.000000E+00 -0.180456E-06
  0.000000E+00 -0.698333E-01  0.335950E+00  0.000000E+00  0.000000E+00  0.104474E-05
  0.000000E+00 -0.681314E-01  0.335575E+00  0.000000E+00  0.000000E+00  0.402345E-05
  0.000000E+00 -0.114583E+00  0.335213E+00  0.000000E+00  0.000000E+00  0.574687E-05
  0.257803E+00  0.914910E-01  0.486738E+00  0.254706E+00  0.678749E-06  0.236102E-04
  0.314185E+01  0.239572E+01  0.498794E+00  0.431633E+01  0.186974E-04  0.135332E-04
  0.322783E+01  0.204935E+01  0.498237E+00  0.378188E+01  0.110746E-04  0.962492E-05
  0.324665E+01  0.191245E+01  0.498311E+00  0.330657E+01  0.702865E-05  0.613080E-05
  0.279805E+01  0.794495E+00  0.430177E+00  0.147783E+01  0.152072E-05  0.139861E-05
  0.000000E+00 -0.755758E-01  0.429697E+00  0.000000E+00  0.000000E+00 -0.253781E-06
  0.000000E+00 -0.816391E-01  0.429232E+00  0.000000E+00  0.000000E+00  0.483815E-06
  0.000000E+00 -0.812420E-01  0.426061E+00  0.000000E+00  0.000000E+00 -0.144054E-06
  0.000000E+00 -0.851076E-01  0.425586E+00  0.000000E+00  0.000000E+00 -0.137336E-06
  0.000000E+00 -0.852514E-01  0.425157E+00  0.000000E+00  0.000000E+00  0.117884E-05
  0.000000E+00 -0.832142E-01  0.424682E+00  0.000000E+00  0.000000E+00  0.447844E-05
  0.000000E+00 -0.141025E+00  0.424223E+00  0.000000E+00  0.000000E+00  0.615727E-05
  0.309841E+00  0.869745E-01  0.619152E+00  0.282201E+00  0.767953E-06  0.241721E-04
  0.369519E+01  0.262359E+01  0.633385E+00  0.471081E+01  0.208705E-04  0.132598E-04
  0.378086E+01  0.216670E+01  0.632678E+00  0.402019E+01  0.119625E-04  0.869757E-05
  0.379163E+01  0.205475E+01  0.632385E+00  0.356043E+01  0.763913E-05  0.539027E-05
  0.201309E+01  0.578360E+00  0.550167E+00  0.114984E+01  0.129431E-05  0.111651E-05
  0.000000E+00 -0.976962E-01  0.549548E+00  0.000000E+00  0.000000E+00 -0.346705E-06
  0.000000E+00 -0.988144E-01  0.548950E+00  0.000000E+00  0.000000E+00  0.589793E-06
  0.000000E+00 -0.963679E-01  0.544890E+00  0.000000E+00  0.000000E+00 -0.997307E-07
  0.000000E+00 -0.997558E-01  0.544278E+00  0.000000E+00  0.000000E+00 -0.101333E-06
  0.000000E+00 -0.989909E-01  0.543705E+00  0.000000E+00  0.000000E+00  0.131507E-05
  0.000000E+00 -0.964352E-01  0.543094E+00  0.000000E+00  0.000000E+00  0.494128E-05
  0.000000E+00 -0.151869E+00  0.542502E+00  0.000000E+00  0.000000E+00  0.654078E-05
  0.482240E+00  0.205672E+00  0.716733E+00  0.438790E+00  0.118403E-05  0.241370E-04
  0.412074E+01  0.268444E+01  0.726385E+00  0.486909E+01  0.216990E-04  0.110392E-04
  0.417407E+01  0.220525E+01  0.725340E+00  0.414321E+01  0.124717E-04  0.845322E-05
  0.416843E+01  0.210696E+01  0.724198E+00  0.367942E+01  0.794142E-05  0.515175E-05
  0.220788E+01  0.584354E+00  0.632640E+00  0.118172E+01  0.134644E-05  0.114830E-05
  0.000000E+00 -0.108192E+00  0.631507E+00  0.000000E+00  0.000000E+00 -0.300996E-06
  0.000000E+00 -0.109714E+00  0.630412E+00  0.000000E+00  0.000000E+00  0.677682E-06
  0.000000E+00 -0.107429E+00  0.625331E+00  0.000000E+00  0.000000E+00 -0.546510E-07
  0.000000E+00 -0.112161E+00  0.624209E+00  0.000000E+00  0.000000E+00 -0.622658E-07
  0.000000E+00 -0.111695E+00  0.623196E+00  0.000000E+00  0.000000E+00  0.138098E-05
  0.000000E+00 -0.109103E+00  0.622077E+00  0.000000E+00  0.000000E+00  0.519384E-05
  0.000000E+00 -0.172155E+00  0.620995E+00  0.000000E+00  0.000000E+00  0.683661E-05
  0.525848E+00  0.201811E+00  0.825373E+00  0.453270E+00  0.123817E-05  0.245194E-04
  0.449448E+01  0.276514E+01  0.835272E+00  0.506427E+01  0.232562E-04  0.117853E-04
  0.454026E+01  0.221743E+01  0.833432E+00  0.424493E+01  0.129253E-04  0.787786E-05
  0.452982E+01  0.214337E+01  0.831975E+00  0.378970E+01  0.824181E-05  0.473308E-05
  0.167073E+01  0.381018E+00  0.731824E+00  0.895037E+00  0.105250E-05  0.960860E-06
  0.000000E+00 -0.123581E+00  0.730412E+00  0.000000E+00  0.000000E+00 -0.249004E-06
  0.000000E+00 -0.125755E+00  0.729049E+00  0.000000E+00  0.000000E+00  0.813802E-06
  0.000000E+00 -0.122859E+00  0.723076E+00  0.000000E+00  0.000000E+00  0.210820E-08
  0.000000E+00 -0.129104E+00  0.721684E+00  0.000000E+00  0.000000E+00 -0.206133E-07
  0.000000E+00 -0.128690E+00  0.720430E+00  0.000000E+00  0.000000E+00  0.146533E-05
  0.000000E+00 -0.126083E+00  0.719046E+00  0.000000E+00  0.000000E+00  0.552826E-05
  0.000000E+00 -0.198870E+00  0.717709E+00  0.000000E+00  0.000000E+00  0.713301E-05
  0.570051E+00  0.191328E+00  0.868744E+00  0.461506E+00  0.128456E-05  0.259637E-04
  0.470459E+01  0.270474E+01  0.870636E+00  0.510207E+01  0.231220E-04  0.971936E-05
  0.470206E+01  0.216536E+01  0.867661E+00  0.428459E+01  0.131158E-04  0.776862E-05
  0.471896E+01  0.211931E+01  0.865655E+00  0.383107E+01  0.836799E-05  0.461075E-05
  0.172304E+01  0.354327E+00  0.761280E+00  0.902945E+00  0.106885E-05  0.997867E-06
  0.000000E+00 -0.151736E+00  0.758731E+00  0.000000E+00  0.000000E+00 -0.199108E-06
  0.000000E+00 -0.154549E+00  0.756322E+00  0.000000E+00  0.000000E+00  0.923302E-06
  0.000000E+00 -0.151638E+00  0.749157E+00  0.000000E+00  0.000000E+00  0.605823E-07
  0.000000E+00 -0.158383E+00  0.746795E+00  0.000000E+00  0.000000E+00  0.192295E-07
  0.000000E+00 -0.158109E+00  0.744710E+00  0.000000E+00  0.000000E+00  0.154577E-05
  0.000000E+00 -0.154908E+00  0.742448E+00  0.000000E+00  0.000000E+00  0.581639E-05
  0.000000E+00 -0.244028E+00  0.740305E+00  0.000000E+00  0.000000E+00  0.739939E-05
  0.578683E+00  0.165828E+00  0.902377E+00  0.463630E+00  0.130095E-05  0.264665E-04
  0.479498E+01  0.266097E+01  0.904435E+00  0.513890E+01  0.233883E-04  0.930679E-05
  0.479100E+01  0.210969E+01  0.901592E+00  0.430484E+01  0.132458E-04  0.751410E-05
  0.480210E+01  0.208929E+01  0.899759E+00  0.385370E+01  0.844984E-05  0.443275E-05
  0.178438E+01  0.339133E+00  0.795598E+00  0.923229E+00  0.109851E-05  0.107860E-05
  0.000000E+00 -0.175535E+00  0.793506E+00  0.000000E+00  0.000000E+00 -0.138235E-06
  0.000000E+00 -0.178592E+00  0.791504E+00  0.000000E+00  0.000000E+00  0.105224E-05
  0.000000E+00 -0.175915E+00  0.784503E+00  0.000000E+00  0.000000E+00  0.129173E-06
  0.000000E+00 -0.182755E+00  0.782494E+00  0.000000E+00  0.000000E+00  0.619839E-07
  0.000000E+00 -0.182463E+00  0.780635E+00  0.000000E+00  0.000000E+00  0.165689E-05
  0.000000E+00 -0.178677E+00  0.778667E+00  0.000000E+00  0.000000E+00  0.622743E-05
  0.000000E+00 -0.282513E+00  0.776783E+00  0.000000E+00  0.000000E+00  0.765001E-05
  0.884050E+00  0.319659E+00  0.946332E+00  0.740604E+00  0.208968E-05  0.252301E-04
  0.493125E+01  0.262559E+01  0.947732E+00  0.518726E+01  0.237217E-04  0.891221E-05
  0.492224E+01  0.206501E+01  0.943078E+00  0.433981E+01  0.135388E-04  0.730455E-05
  0.489284E+01  0.205671E+01  0.938345E+00  0.387130E+01  0.856459E-05  0.428017E-05
  0.178252E+01  0.301971E+00  0.834831E+00  0.909607E+00  0.110713E-05  0.114105E-05
  0.000000E+00 -0.200859E+00  0.833037E+00  0.000000E+00  0.000000E+00 -0.618530E-07
  0.000000E+00 -0.204121E+00  0.831311E+00  0.000000E+00  0.000000E+00  0.119381E-05
  0.000000E+00 -0.201656E+00  0.824330E+00  0.000000E+00  0.000000E+00  0.221981E-06
  0.000000E+00 -0.209697E+00  0.822578E+00  0.000000E+00  0.000000E+00  0.114508E-06
  0.000000E+00 -0.209288E+00  0.821005E+00  0.000000E+00  0.000000E+00  0.172731E-05
  0.000000E+00 -0.204984E+00  0.819272E+00  0.000000E+00  0.000000E+00  0.651984E-05
  0.000000E+00 -0.324984E+00  0.817605E+00  0.000000E+00  0.000000E+00  0.799395E-05
  0.899819E+00  0.310831E+00  0.994654E+00  0.738116E+00  0.212141E-05  0.249404E-04
  0.502189E+01  0.265936E+01  0.995270E+00  0.525247E+01  0.251582E-04  0.106332E-04
  0.500419E+01  0.205020E+01  0.993007E+00  0.435271E+01  0.136524E-04  0.727979E-05
  0.500973E+01  0.204827E+01  0.991065E+00  0.389093E+01  0.863148E-05  0.425692E-05
  0.183339E+01  0.289964E+00  0.884244E+00  0.915466E+00  0.112472E-05  0.119636E-05
  0.000000E+00 -0.215306E+00  0.881972E+00  0.000000E+00  0.000000E+00  0.274343E-08
  0.000000E+00 -0.219725E+00  0.879791E+00  0.000000E+00  0.000000E+00  0.133283E-05
  0.000000E+00 -0.217959E+00  0.872046E+00  0.000000E+00  0.000000E+00  0.296578E-06
  0.000000E+00 -0.228030E+00  0.869843E+00  0.000000E+00  0.000000E+00  0.152564E-06
  0.000000E+00 -0.228266E+00  0.867868E+00  0.000000E+00  0.000000E+00  0.180576E-05
  0.000000E+00 -0.224343E+00  0.865698E+00  0.000000E+00  0.000000E+00  0.680757E-05
  0.000000E+00 -0.358208E+00  0.863615E+00  0.000000E+00  0.000000E+00  0.822298E-05
  0.761069E+00  0.203382E+00  0.101434E+01  0.621450E+00  0.176458E-05  0.269423E-04
  0.505217E+01  0.261495E+01  0.101333E+01  0.523632E+01  0.242764E-04  0.919253E-05
  0.503155E+01  0.203091E+01  0.101066E+01  0.436626E+01  0.137170E-04  0.748175E-05
  0.503069E+01  0.203595E+01  0.100822E+01  0.389783E+01  0.863943E-05  0.436638E-05
  0.263745E+01  0.480660E+00  0.901802E+00  0.123609E+01  0.152647E-05  0.141121E-05
  0.000000E+00 -0.225961E+00  0.899366E+00  0.000000E+00  0.000000E+00  0.800826E-07
  0.000000E+00 -0.230198E+00  0.897030E+00  0.000000E+00  0.000000E+00  0.146428E-05
  0.000000E+00 -0.228425E+00  0.889020E+00  0.000000E+00  0.000000E+00  0.391143E-06
  0.000000E+00 -0.240569E+00  0.886663E+00  0.000000E+00  0.000000E+00  0.195521E-06
  0.000000E+00 -0.240001E+00  0.884553E+00  0.000000E+00  0.000000E+00  0.189618E-05
  0.000000E+00 -0.235990E+00  0.882236E+00  0.000000E+00  0.000000E+00  0.713430E-05
  0.000000E+00 -0.379219E+00  0.880012E+00  0.000000E+00  0.000000E+00  0.848037E-05
  0.902165E+00  0.286558E+00  0.103822E+01  0.736162E+00  0.214706E-05  0.257980E-04
  0.507922E+01  0.258853E+01  0.103844E+01  0.524714E+01  0.243896E-04  0.912554E-05
  0.506957E+01  0.199961E+01  0.103558E+01  0.437244E+01  0.137750E-04  0.742701E-05
  0.506865E+01  0.201657E+01  0.103296E+01  0.390443E+01  0.866980E-05  0.433365E-05
  0.267235E+01  0.470293E+00  0.926743E+00  0.124499E+01  0.155193E-05  0.145926E-05
  0.000000E+00 -0.239889E+00  0.924104E+00  0.000000E+00  0.000000E+00  0.162446E-06
  0.000000E+00 -0.244178E+00  0.921576E+00  0.000000E+00  0.000000E+00  0.159946E-05
  0.000000E+00 -0.242275E+00  0.913218E+00  0.000000E+00  0.000000E+00  0.495993E-06
  0.000000E+00 -0.255575E+00  0.910673E+00  0.000000E+00  0.000000E+00  0.238258E-06
  0.000000E+00 -0.254706E+00  0.908315E+00  0.000000E+00  0.000000E+00  0.200969E-05
  0.000000E+00 -0.250489E+00  0.905815E+00  0.000000E+00  0.000000E+00  0.757961E-05
  0.000000E+00 -0.402968E+00  0.903418E+00  0.000000E+00  0.000000E+00  0.876491E-05
  0.118764E+01  0.440970E+00  0.106333E+01  0.999841E+00  0.309064E-05  0.234874E-04
  0.503644E+01  0.255339E+01  0.106392E+01  0.524876E+01  0.244038E-04  0.961101E-05
  0.503173E+01  0.196963E+01  0.106101E+01  0.437121E+01  0.137895E-04  0.774111E-05
  0.503087E+01  0.198924E+01  0.105841E+01  0.389207E+01  0.863275E-05  0.454936E-05
  0.264764E+01  0.454322E+00  0.952812E+00  0.124520E+01  0.157682E-05  0.153558E-05
  0.000000E+00 -0.253538E+00  0.950238E+00  0.000000E+00  0.000000E+00  0.266546E-06
  0.000000E+00 -0.256885E+00  0.947770E+00  0.000000E+00  0.000000E+00  0.175706E-05
  0.000000E+00 -0.253902E+00  0.939310E+00  0.000000E+00  0.000000E+00  0.623413E-06
  0.000000E+00 -0.267361E+00  0.936823E+00  0.000000E+00  0.000000E+00  0.293922E-06
  0.000000E+00 -0.265813E+00  0.934597E+00  0.000000E+00  0.000000E+00  0.210768E-05
  0.000000E+00 -0.260714E+00  0.932155E+00  0.000000E+00  0.000000E+00  0.792139E-05
  0.000000E+00 -0.418551E+00  0.929813E+00  0.000000E+00  0.000000E+00  0.912894E-05
  0.898114E+00  0.282134E+00  0.109598E+01  0.741785E+00  0.218148E-05  0.268010E-04
  0.500233E+01  0.255609E+01  0.109743E+01  0.525167E+01  0.245268E-04  0.994286E-05
  0.501000E+01  0.196282E+01  0.109441E+01  0.437737E+01  0.138396E-04  0.799648E-05
  0.500706E+01  0.198171E+01  0.109163E+01  0.389541E+01  0.862257E-05  0.472640E-05
  0.263714E+01  0.446830E+00  0.986075E+00  0.125045E+01  0.160811E-05  0.161546E-05
  0.000000E+00 -0.263145E+00  0.983371E+00  0.000000E+00  0.000000E+00  0.380282E-06
  0.000000E+00 -0.266406E+00  0.980781E+00  0.000000E+00  0.000000E+00  0.197522E-05
  0.000000E+00 -0.263028E+00  0.971989E+00  0.000000E+00  0.000000E+00  0.749879E-06
  0.000000E+00 -0.276934E+00  0.969428E+00  0.000000E+00  0.000000E+00  0.352454E-06
  0.000000E+00 -0.275350E+00  0.967135E+00  0.000000E+00  0.000000E+00  0.225001E-05
  0.000000E+00 -0.270287E+00  0.964617E+00  0.000000E+00  0.000000E+00  0.841134E-05
  0.000000E+00 -0.428234E+00  0.962202E+00  0.000000E+00  0.000000E+00  0.983685E-05
  0.890657E+00  0.275139E+00  0.113337E+01  0.740822E+00  0.219008E-05  0.266820E-04
  0.498279E+01  0.254526E+01  0.113544E+01  0.525440E+01  0.246372E-04  0.100900E-04
  0.499803E+01  0.194088E+01  0.113240E+01  0.436601E+01  0.138487E-04  0.819429E-05
  0.499449E+01  0.196306E+01  0.112956E+01  0.388376E+01  0.861455E-05  0.485957E-05
  0.263249E+01  0.437612E+00  0.102376E+01  0.125150E+01  0.162765E-05  0.168125E-05
  0.000000E+00 -0.271864E+00  0.102098E+01  0.000000E+00  0.000000E+00  0.492084E-06
  0.000000E+00 -0.275969E+00  0.101832E+01  0.000000E+00  0.000000E+00  0.215916E-05
  0.000000E+00 -0.271278E+00  0.100922E+01  0.000000E+00  0.000000E+00  0.880522E-06
  0.000000E+00 -0.285744E+00  0.100655E+01  0.000000E+00  0.000000E+00  0.407405E-06
  0.000000E+00 -0.283967E+00  0.100416E+01  0.000000E+00  0.000000E+00  0.238916E-05
  0.000000E+00 -0.278959E+00  0.100154E+01  0.000000E+00  0.000000E+00  0.892425E-05
  0.000000E+00 -0.440042E+00  0.999023E+00  0.000000E+00  0.000000E+00  0.104014E-04
  0.102369E+01  0.345310E+00  0.114761E+01  0.866135E+00  0.265758E-05  0.257904E-04
  0.492919E+01  0.253678E+01  0.114858E+01  0.523004E+01  0.246440E-04  0.105143E-04
  0.494154E+01  0.194615E+01  0.114561E+01  0.435652E+01  0.138427E-04  0.844812E-05
  0.493647E+01  0.196171E+01  0.114283E+01  0.387144E+01  0.858448E-05  0.503948E-05
  0.258071E+01  0.432183E+00  0.103832E+01  0.124047E+01  0.163827E-05  0.174549E-05
  0.000000E+00 -0.270755E+00  0.103572E+01  0.000000E+00  0.000000E+00  0.596872E-06
  0.000000E+00 -0.276106E+00  0.103323E+01  0.000000E+00  0.000000E+00  0.234773E-05
  0.000000E+00 -0.269387E+00  0.102421E+01  0.000000E+00  0.000000E+00  0.100483E-05
  0.000000E+00 -0.284972E+00  0.102170E+01  0.000000E+00  0.000000E+00  0.458306E-06
  0.000000E+00 -0.282804E+00  0.101938E+01  0.000000E+00  0.000000E+00  0.253884E-05
  0.000000E+00 -0.277255E+00  0.101691E+01  0.000000E+00  0.000000E+00  0.954597E-05
  0.000000E+00 -0.427687E+00  0.101454E+01  0.000000E+00  0.000000E+00  0.121573E-04
  0.116214E+01  0.432290E+00  0.117114E+01  0.995016E+00  0.312234E-05  0.237352E-04
  0.491479E+01  0.253892E+01  0.117178E+01  0.522643E+01  0.246800E-04  0.108102E-04
  0.491114E+01  0.195336E+01  0.116920E+01  0.435308E+01  0.138718E-04  0.867375E-05
  0.490873E+01  0.195942E+01  0.116669E+01  0.385906E+01  0.855907E-05  0.520416E-05
  0.255973E+01  0.432322E+00  0.106263E+01  0.123807E+01  0.165630E-05  0.182079E-05
  0.000000E+00 -0.275395E+00  0.106018E+01  0.000000E+00  0.000000E+00  0.702746E-06
  0.000000E+00 -0.284991E+00  0.105784E+01  0.000000E+00  0.000000E+00  0.256988E-05
  0.000000E+00 -0.277333E+00  0.104863E+01  0.000000E+00  0.000000E+00  0.113576E-05
  0.000000E+00 -0.292846E+00  0.104627E+01  0.000000E+00  0.000000E+00  0.510257E-06
  0.000000E+00 -0.290336E+00  0.104417E+01  0.000000E+00  0.000000E+00  0.266285E-05
  0.000000E+00 -0.283541E+00  0.104186E+01  0.000000E+00  0.000000E+00  0.999815E-05
  0.000000E+00 -0.420981E+00  0.103965E+01  0.000000E+00  0.000000E+00  0.128759E-04
  0.102923E+01  0.362890E+00  0.119966E+01  0.869258E+00  0.270279E-05  0.238966E-04
  0.490773E+01  0.255763E+01  0.119906E+01  0.522222E+01  0.248660E-04  0.107061E-04
  0.488858E+01  0.196874E+01  0.119634E+01  0.435339E+01  0.139196E-04  0.885064E-05
  0.488379E+01  0.196710E+01  0.119373E+01  0.385926E+01  0.855543E-05  0.534749E-05
  0.254208E+01  0.434204E+00  0.108984E+01  0.123882E+01  0.167300E-05  0.190181E-05
  0.000000E+00 -0.283409E+00  0.108739E+01  0.000000E+00  0.000000E+00  0.825158E-06
  0.000000E+00 -0.298215E+00  0.108504E+01  0.000000E+00  0.000000E+00  0.290706E-05
  0.000000E+00 -0.291291E+00  0.107563E+01  0.000000E+00  0.000000E+00  0.128703E-05
  0.000000E+00 -0.305924E+00  0.107327E+01  0.000000E+00  0.000000E+00  0.563910E-06
  0.000000E+00 -0.302035E+00  0.107116E+01  0.000000E+00  0.000000E+00  0.280931E-05
  0.000000E+00 -0.294266E+00  0.106885E+01  0.000000E+00  0.000000E+00  0.105674E-04
  0.000000E+00 -0.415362E+00  0.106663E+01  0.000000E+00  0.000000E+00  0.135564E-04
  0.116533E+01  0.434408E+00  0.123539E+01  0.990647E+00  0.314924E-05  0.229452E-04
  0.490805E+01  0.255932E+01  0.123532E+01  0.522929E+01  0.249632E-04  0.111004E-04
  0.489113E+01  0.197095E+01  0.123267E+01  0.435484E+01  0.139712E-04  0.902271E-05
  0.488688E+01  0.196841E+01  0.123015E+01  0.386029E+01  0.855965E-05  0.546003E-05
  0.253907E+01  0.433520E+00  0.112571E+01  0.124048E+01  0.169432E-05  0.199159E-05
  0.000000E+00 -0.343352E+00  0.112330E+01  0.000000E+00  0.000000E+00  0.114982E-05
  0.000000E+00 -0.375369E+00  0.112099E+01  0.000000E+00  0.000000E+00  0.319221E-05
  0.000000E+00 -0.361945E+00  0.111135E+01  0.000000E+00  0.000000E+00  0.146977E-05
  0.000000E+00 -0.376366E+00  0.110902E+01  0.000000E+00  0.000000E+00  0.621337E-06
  0.000000E+00 -0.366531E+00  0.110693E+01  0.000000E+00  0.000000E+00  0.298106E-05
  0.000000E+00 -0.352502E+00  0.110464E+01  0.000000E+00  0.000000E+00  0.111506E-04
  0.000000E+00 -0.442593E+00  0.110244E+01  0.000000E+00  0.000000E+00  0.135095E-04
  0.117027E+01  0.449021E+00  0.849644E+00  0.992377E+00  0.317789E-05  0.223547E-04
  0.492777E+01  0.258888E+01  0.847497E+00  0.522463E+01  0.251444E-04  0.110002E-04
  0.490995E+01  0.199910E+01  0.845045E+00  0.435096E+01  0.140382E-04  0.915762E-05
  0.490498E+01  0.198562E+01  0.842694E+00  0.385809E+01  0.857563E-05  0.556442E-05
  0.254258E+01  0.444232E+00  0.758368E+00  0.124172E+01  0.171986E-05  0.208744E-05
  0.000000E+00 -0.338065E+00  0.756123E+00  0.000000E+00  0.000000E+00  0.128691E-05
  0.000000E+00 -0.375403E+00  0.753973E+00  0.000000E+00  0.000000E+00  0.345276E-05
  0.000000E+00 -0.361827E+00  0.747050E+00  0.000000E+00  0.000000E+00  0.166723E-05
  0.000000E+00 -0.383512E+00  0.744905E+00  0.000000E+00  0.000000E+00  0.674682E-06
  0.000000E+00 -0.372251E+00  0.742918E+00  0.000000E+00  0.000000E+00  0.314688E-05
  0.000000E+00 -0.357377E+00  0.740812E+00  0.000000E+00  0.000000E+00  0.118359E-04
  0.000000E+00 -0.433472E+00  0.738795E+00  0.000000E+00  0.000000E+00  0.152883E-04
  0.144758E+01  0.600983E+00  0.844124E+00  0.122658E+01  0.382742E-05  0.182939E-04
  0.496282E+01  0.259641E+01  0.842357E+00  0.522983E+01  0.253206E-04  0.112383E-04
  0.495000E+01  0.199777E+01  0.837674E+00  0.434337E+01  0.140970E-04  0.929071E-05
  0.491876E+01  0.197687E+01  0.835113E+00  0.384192E+01  0.858176E-05  0.567178E-05
  0.254381E+01  0.440892E+00  0.751925E+00  0.123764E+01  0.174131E-05  0.220971E-05
  0.000000E+00 -0.347092E+00  0.749475E+00  0.000000E+00  0.000000E+00  0.143676E-05
  0.000000E+00 -0.391675E+00  0.747133E+00  0.000000E+00  0.000000E+00  0.367281E-05
  0.000000E+00 -0.376699E+00  0.740053E+00  0.000000E+00  0.000000E+00  0.187883E-05
  0.000000E+00 -0.399914E+00  0.737972E+00  0.000000E+00  0.000000E+00  0.729084E-06
  0.000000E+00 -0.387759E+00  0.736108E+00  0.000000E+00  0.000000E+00  0.332053E-05
  0.000000E+00 -0.371659E+00  0.734060E+00  0.000000E+00  0.000000E+00  0.123509E-04
  0.000000E+00 -0.409281E+00  0.732094E+00  0.000000E+00  0.000000E+00  0.172855E-04
  0.128664E+01  0.505465E+00  0.801060E+00  0.106783E+01  0.342171E-05  0.175271E-04
  0.489624E+01  0.260112E+01  0.797795E+00  0.519862E+01  0.253622E-04  0.109780E-04
  0.487342E+01  0.201764E+01  0.795353E+00  0.433579E+01  0.140916E-04  0.947989E-05
  0.486690E+01  0.198841E+01  0.792966E+00  0.383705E+01  0.855170E-05  0.580261E-05
  0.265356E+01  0.466068E+00  0.713078E+00  0.126887E+01  0.178826E-05  0.269329E-05
  0.000000E+00 -0.350331E+00  0.710818E+00  0.000000E+00  0.000000E+00  0.155394E-05
  0.000000E+00 -0.403293E+00  0.708658E+00  0.000000E+00  0.000000E+00  0.395008E-05
  0.000000E+00 -0.385161E+00  0.702006E+00  0.000000E+00  0.000000E+00  0.205534E-05
  0.000000E+00 -0.402382E+00  0.699839E+00  0.000000E+00  0.000000E+00  0.772560E-06
  0.000000E+00 -0.389787E+00  0.697908E+00  0.000000E+00  0.000000E+00  0.346832E-05
  0.000000E+00 -0.373562E+00  0.695790E+00  0.000000E+00  0.000000E+00  0.128381E-04
  0.000000E+00 -0.377444E+00  0.693763E+00  0.000000E+00  0.000000E+00  0.178276E-04
  0.141075E+01  0.581715E+00  0.782803E+00  0.119504E+01  0.378217E-05  0.152954E-04
  0.487490E+01  0.260216E+01  0.780391E+00  0.519650E+01  0.254268E-04  0.113429E-04
  0.485660E+01  0.202033E+01  0.775960E+00  0.433227E+01  0.141181E-04  0.968344E-05
  0.482763E+01  0.198575E+01  0.773698E+00  0.382768E+01  0.853422E-05  0.596082E-05
  0.264050E+01  0.468471E+00  0.696152E+00  0.127246E+01  0.181406E-05  0.286766E-05
  0.000000E+00 -0.371297E+00  0.694165E+00  0.000000E+00  0.000000E+00  0.169959E-05
  0.000000E+00 -0.436587E+00  0.692258E+00  0.000000E+00  0.000000E+00  0.423328E-05
  0.000000E+00 -0.411447E+00  0.685952E+00  0.000000E+00  0.000000E+00  0.228261E-05
  0.000000E+00 -0.427036E+00  0.684026E+00  0.000000E+00  0.000000E+00  0.826350E-06
  0.000000E+00 -0.411576E+00  0.682300E+00  0.000000E+00  0.000000E+00  0.365987E-05
  0.000000E+00 -0.391153E+00  0.680403E+00  0.000000E+00  0.000000E+00  0.134113E-04
  0.000000E+00 -0.363578E+00  0.678583E+00  0.000000E+00  0.000000E+00  0.187411E-04
  0.139958E+01  0.582938E+00  0.745394E+00  0.118965E+01  0.378744E-05  0.146740E-04
  0.485002E+01  0.260339E+01  0.742836E+00  0.518321E+01  0.255005E-04  0.113082E-04
  0.483178E+01  0.202497E+01  0.740712E+00  0.432311E+01  0.141408E-04  0.980879E-05
  0.482749E+01  0.198919E+01  0.738707E+00  0.382363E+01  0.853749E-05  0.602481E-05
  0.263531E+01  0.471194E+00  0.663338E+00  0.127126E+01  0.183336E-05  0.301417E-05
  0.000000E+00 -0.370775E+00  0.661438E+00  0.000000E+00  0.000000E+00  0.182009E-05
  0.000000E+00 -0.443780E+00  0.659614E+00  0.000000E+00  0.000000E+00  0.449639E-05
