  0.000000E+00  0.000000E+00 -0.739212E-07  0.575496E-05  0.000000E+00  0.000000E+00  0.000000E+00 -0.145746E-06 -0.920336E-14
  0.000000E+00  0.000000E+00 -0.870201E-07  0.574895E-05  0.000000E+00  0.000000E+00  0.000000E+00  0.140428E-05 -0.722751E-14
  0.000000E+00  0.000000E+00 -0.100515E-06  0.574254E-05  0.000000E+00  0.000000E+00  0.000000E+00  0.227847E-05 -0.794718E-14
  0.000000E+00  0.000000E+00 -0.462758E-06  0.573634E-05  0.000000E+00  0.000000E+00  0.000000E+00  0.303374E-05 -0.185261E-09
  0.000000E+00  0.000000E+00 -0.291444E-05  0.572994E-05  0.000000E+00  0.000000E+00  0.000000E+00  0.137531E-05 -0.673106E-07
  0.667624E-04  0.000000E+00  0.769562E-04  0.978921E-05  0.000000E+00  0.133355E-03  0.315305E-09  0.190582E-04  0.850598E-04
  0.141635E-03  0.000000E+00  0.162155E-03  0.977829E-05  0.000000E+00  0.274755E-03  0.319328E-09  0.153945E-04  0.169350E-03
  0.109535E-03  0.000000E+00  0.102391E-03  0.571099E-05  0.000000E+00  0.178328E-03  0.183172E-09  0.131720E-04  0.107832E-03
  0.000000E+00  0.000000E+00 -0.578891E-05  0.570482E-05  0.000000E+00  0.000000E+00  0.000000E+00 -0.398724E-06 -0.311086E-06
  0.000000E+00  0.000000E+00 -0.431528E-05  0.569846E-05  0.000000E+00  0.000000E+00  0.000000E+00 -0.496446E-06 -0.103280E-06
  0.000000E+00  0.000000E+00 -0.432972E-05  0.569231E-05  0.000000E+00  0.000000E+00  0.000000E+00 -0.960502E-07 -0.108714E-06
  0.000000E+00  0.000000E+00 -0.364091E-05  0.565026E-05  0.000000E+00  0.000000E+00  0.000000E+00 -0.341652E-06 -0.614433E-07
  0.000000E+00  0.000000E+00 -0.292768E-05  0.564396E-05  0.000000E+00  0.000000E+00  0.000000E+00 -0.164292E-06 -0.146151E-07
  0.000000E+00  0.000000E+00 -0.277712E-05  0.563827E-05  0.000000E+00  0.000000E+00  0.000000E+00  0.517360E-06 -0.105441E-07
  0.000000E+00  0.000000E+00 -0.272739E-05  0.563198E-05  0.000000E+00  0.000000E+00  0.000000E+00  0.175177E-05 -0.912856E-08
  0.000000E+00  0.000000E+00 -0.318942E-05  0.562590E-05  0.000000E+00  0.000000E+00  0.000000E+00  0.345498E-05 -0.247094E-07
  0.000000E+00  0.000000E+00 -0.480582E-05  0.561963E-05  0.000000E+00  0.000000E+00  0.000000E+00  0.193169E-05 -0.118353E-06
  0.129788E-03  0.000000E+00  0.157768E-03  0.960074E-05  0.000000E+00  0.267363E-03  0.635350E-09  0.296037E-04  0.168171E-03
  0.138908E-03  0.000000E+00  0.159574E-03  0.959003E-05  0.000000E+00  0.270519E-03  0.320855E-09  0.195504E-04  0.166547E-03
  0.134277E-03  0.000000E+00  0.117407E-03  0.957933E-05  0.000000E+00  0.199260E-03  0.194202E-09  0.151378E-04  0.122443E-03
  0.508214E-04  0.000000E+00  0.176481E-04  0.559499E-05  0.000000E+00  0.443206E-04  0.154372E-10 -0.119475E-06  0.255694E-04
  0.000000E+00  0.000000E+00 -0.694139E-05  0.558875E-05  0.000000E+00  0.000000E+00  0.000000E+00 -0.492412E-06 -0.120155E-06
  0.000000E+00  0.000000E+00 -0.671417E-05  0.558272E-05  0.000000E+00  0.000000E+00  0.000000E+00 -0.860856E-07 -0.121693E-06
  0.000000E+00  0.000000E+00 -0.644542E-05  0.554148E-05  0.000000E+00  0.000000E+00  0.000000E+00 -0.337651E-06 -0.120587E-06
  0.000000E+00  0.000000E+00 -0.674153E-05  0.553530E-05  0.000000E+00  0.000000E+00  0.000000E+00 -0.157069E-06 -0.117619E-06
  0.000000E+00  0.000000E+00 -0.658946E-05  0.552972E-05  0.000000E+00  0.000000E+00  0.000000E+00  0.529444E-06 -0.126790E-06
  0.000000E+00  0.000000E+00 -0.629442E-05  0.552355E-05  0.000000E+00  0.000000E+00  0.000000E+00  0.177251E-05 -0.125168E-06
  0.000000E+00  0.000000E+00 -0.605702E-05  0.551759E-05  0.000000E+00  0.000000E+00  0.000000E+00  0.346771E-05 -0.126783E-06
  0.000000E+00  0.000000E+00 -0.709297E-05  0.551143E-05  0.000000E+00  0.000000E+00  0.000000E+00  0.596554E-05 -0.327775E-06
  0.136381E-03  0.000000E+00  0.166401E-03  0.941591E-05  0.000000E+00  0.283303E-03  0.645386E-09  0.418457E-04  0.177855E-03
  0.136234E-03  0.000000E+00  0.155657E-03  0.940540E-05  0.000000E+00  0.265345E-03  0.314512E-09  0.226899E-04  0.163197E-03
  0.136082E-03  0.000000E+00  0.114908E-03  0.939491E-05  0.000000E+00  0.194758E-03  0.185268E-09  0.171009E-04  0.119617E-03
  0.498429E-04  0.000000E+00  0.208957E-04  0.548728E-05  0.000000E+00  0.444735E-04  0.187038E-10  0.558679E-06  0.256660E-04
  0.000000E+00  0.000000E+00 -0.595081E-05  0.548115E-05  0.000000E+00  0.000000E+00  0.000000E+00 -0.489092E-06 -0.110735E-06
  0.000000E+00  0.000000E+00 -0.584261E-05  0.547524E-05  0.000000E+00  0.000000E+00  0.000000E+00 -0.828595E-07 -0.112083E-06
  0.000000E+00  0.000000E+00 -0.569226E-05  0.543479E-05  0.000000E+00  0.000000E+00  0.000000E+00 -0.336922E-06 -0.111592E-06
  0.000000E+00  0.000000E+00 -0.635275E-05  0.542873E-05  0.000000E+00  0.000000E+00  0.000000E+00 -0.156636E-06 -0.107172E-06
  0.000000E+00  0.000000E+00 -0.625203E-05  0.542326E-05  0.000000E+00  0.000000E+00  0.000000E+00  0.533646E-06 -0.114966E-06
  0.000000E+00  0.000000E+00 -0.601408E-05  0.541721E-05  0.000000E+00  0.000000E+00  0.000000E+00  0.177741E-05 -0.113489E-06
  0.000000E+00  0.000000E+00 -0.583267E-05  0.541136E-05  0.000000E+00  0.000000E+00  0.000000E+00  0.346637E-05 -0.114977E-06
  0.000000E+00  0.000000E+00 -0.689134E-05  0.540532E-05  0.000000E+00  0.000000E+00  0.000000E+00  0.604054E-05 -0.300803E-06
  0.133756E-03  0.000000E+00  0.163258E-03  0.923463E-05  0.000000E+00  0.277984E-03  0.632591E-09  0.429540E-04  0.174488E-03
  0.133611E-03  0.000000E+00  0.152700E-03  0.922432E-05  0.000000E+00  0.260625E-03  0.307969E-09  0.243427E-04  0.160232E-03
  0.133462E-03  0.000000E+00  0.112787E-03  0.921403E-05  0.000000E+00  0.191269E-03  0.182886E-09  0.174093E-04  0.117453E-03
  0.488833E-04  0.000000E+00  0.209517E-04  0.538163E-05  0.000000E+00  0.436868E-04  0.185081E-10  0.554418E-06  0.252177E-04
  0.000000E+00  0.000000E+00 -0.569905E-05  0.537563E-05  0.000000E+00  0.000000E+00  0.000000E+00 -0.487063E-06 -0.106758E-06
  0.000000E+00  0.000000E+00 -0.576034E-05  0.536982E-05  0.000000E+00  0.000000E+00  0.000000E+00 -0.840257E-07 -0.108833E-06
  0.000000E+00  0.000000E+00 -0.566514E-05  0.533016E-05  0.000000E+00  0.000000E+00  0.000000E+00 -0.336733E-06 -0.108141E-06
  0.000000E+00  0.000000E+00 -0.660709E-05  0.532421E-05  0.000000E+00  0.000000E+00  0.000000E+00 -0.156356E-06 -0.104665E-06
  0.000000E+00  0.000000E+00 -0.654130E-05  0.531866E-05  0.000000E+00  0.000000E+00  0.000000E+00  0.574838E-06 -0.112790E-06
  0.000000E+00  0.000000E+00 -0.632419E-05  0.531272E-05  0.000000E+00  0.000000E+00  0.000000E+00  0.185301E-05 -0.111271E-06
  0.000000E+00  0.000000E+00 -0.632282E-05  0.530699E-05  0.000000E+00  0.000000E+00  0.000000E+00  0.346042E-05 -0.112766E-06
  0.846799E-05  0.000000E+00 -0.848297E-07  0.926697E-04  0.000000E+00  0.832175E-05  0.234582E-10  0.720097E-05  0.743811E-05
  0.358234E-03  0.000000E+00  0.447690E-03  0.109352E-03  0.000000E+00  0.723611E-03  0.158075E-08  0.434834E-04  0.460112E-03
  0.105158E-02  0.000000E+00  0.120796E-02  0.122493E-03  0.000000E+00  0.196182E-02  0.259880E-08  0.248573E-04  0.121739E-02
  0.116444E-02  0.000000E+00  0.977656E-03  0.122357E-03  0.000000E+00  0.160355E-02  0.156932E-08  0.181229E-04  0.985942E-03
  0.426501E-03  0.000000E+00  0.195580E-03  0.888740E-04  0.000000E+00  0.367741E-03  0.150642E-09  0.821113E-06  0.211105E-03
  0.000000E+00  0.000000E+00 -0.246678E-04  0.887749E-04  0.000000E+00  0.000000E+00  0.000000E+00 -0.487438E-06 -0.996000E-06
  0.000000E+00  0.000000E+00 -0.257783E-04  0.886790E-04  0.000000E+00  0.000000E+00  0.000000E+00 -0.929349E-07 -0.102318E-05
  0.000000E+00  0.000000E+00 -0.260011E-04  0.880240E-04  0.000000E+00  0.000000E+00  0.000000E+00 -0.336818E-06 -0.100445E-05
  0.000000E+00  0.000000E+00 -0.276462E-04  0.879258E-04  0.000000E+00  0.000000E+00  0.000000E+00 -0.156628E-06 -0.986279E-06
  0.000000E+00  0.000000E+00 -0.280180E-04  0.878372E-04  0.000000E+00  0.000000E+00  0.000000E+00  0.525407E-06 -0.103397E-05
  0.000000E+00  0.000000E+00 -0.278486E-04  0.877392E-04  0.000000E+00  0.000000E+00  0.000000E+00  0.177875E-05 -0.102053E-05
  0.000000E+00  0.000000E+00 -0.301708E-04  0.876445E-04  0.000000E+00  0.000000E+00  0.000000E+00  0.345799E-05 -0.103435E-05
  0.738848E-04  0.000000E+00  0.217471E-04  0.178235E-03  0.000000E+00  0.654893E-04  0.103481E-09  0.712090E-05  0.589040E-04
  0.162824E-02  0.000000E+00  0.199544E-02  0.194098E-03  0.000000E+00  0.331353E-02  0.911895E-08  0.440857E-04  0.205844E-02
  0.169480E-02  0.000000E+00  0.191621E-02  0.193882E-03  0.000000E+00  0.319594E-02  0.491208E-08  0.250318E-04  0.196174E-02
  0.169291E-02  0.000000E+00  0.141339E-02  0.193665E-03  0.000000E+00  0.234252E-02  0.260804E-08  0.181819E-04  0.144337E-02
  0.620063E-03  0.000000E+00  0.285616E-03  0.144970E-03  0.000000E+00  0.552203E-03  0.267430E-09  0.816804E-06  0.318649E-03
  0.000000E+00  0.000000E+00 -0.448018E-04  0.144808E-03  0.000000E+00  0.000000E+00  0.000000E+00 -0.487440E-06 -0.138466E-05
  0.000000E+00  0.000000E+00 -0.460686E-04  0.144652E-03  0.000000E+00  0.000000E+00  0.000000E+00 -0.858173E-07 -0.142535E-05
  0.000000E+00  0.000000E+00 -0.458444E-04  0.143584E-03  0.000000E+00  0.000000E+00  0.000000E+00 -0.336541E-06 -0.140512E-05
  0.000000E+00  0.000000E+00 -0.491924E-04  0.143423E-03  0.000000E+00  0.000000E+00  0.000000E+00 -0.156807E-06 -0.137082E-05
  0.000000E+00  0.000000E+00 -0.493561E-04  0.143279E-03  0.000000E+00  0.000000E+00  0.000000E+00  0.521897E-06 -0.144655E-05
  0.000000E+00  0.000000E+00 -0.485449E-04  0.143119E-03  0.000000E+00  0.000000E+00  0.000000E+00  0.177763E-05 -0.142781E-05
  0.000000E+00  0.000000E+00 -0.532172E-04  0.142965E-03  0.000000E+00  0.000000E+00  0.000000E+00  0.345773E-05 -0.144718E-05
  0.107417E-03  0.000000E+00  0.208894E-04  0.438985E-03  0.000000E+00  0.959319E-04  0.149586E-09  0.734504E-05  0.865882E-04
  0.307873E-02  0.000000E+00  0.373011E-02  0.495971E-03  0.000000E+00  0.614999E-02  0.184964E-07  0.440650E-04  0.384123E-02
  0.363155E-02  0.000000E+00  0.411276E-02  0.495418E-03  0.000000E+00  0.682899E-02  0.123783E-07  0.250176E-04  0.419488E-02
  0.362750E-02  0.000000E+00  0.312859E-02  0.494865E-03  0.000000E+00  0.514801E-02  0.693835E-08  0.183890E-04  0.318448E-02
  0.132865E-02  0.000000E+00  0.680144E-03  0.390437E-03  0.000000E+00  0.128231E-02  0.818254E-09  0.975738E-06  0.746358E-03
  0.000000E+00  0.000000E+00 -0.906847E-04  0.390001E-03  0.000000E+00  0.000000E+00  0.000000E+00 -0.487249E-06 -0.308037E-05
  0.000000E+00  0.000000E+00 -0.935778E-04  0.389580E-03  0.000000E+00  0.000000E+00  0.000000E+00 -0.877594E-07 -0.316634E-05
  0.000000E+00  0.000000E+00 -0.933186E-04  0.386702E-03  0.000000E+00  0.000000E+00  0.000000E+00 -0.336400E-06 -0.310364E-05
  0.000000E+00  0.000000E+00 -0.100318E-03  0.386271E-03  0.000000E+00  0.000000E+00  0.000000E+00 -0.157260E-06 -0.307033E-05
  0.000000E+00  0.000000E+00 -0.100681E-03  0.385882E-03  0.000000E+00  0.000000E+00  0.000000E+00  0.515684E-06 -0.320301E-05
  0.000000E+00  0.000000E+00 -0.992112E-04  0.385451E-03  0.000000E+00  0.000000E+00  0.000000E+00  0.177505E-05 -0.314631E-05
  0.000000E+00  0.000000E+00 -0.109487E-03  0.385035E-03  0.000000E+00  0.000000E+00  0.000000E+00  0.345829E-05 -0.314705E-05
  0.230168E-03  0.000000E+00  0.580376E-04  0.934058E-03  0.000000E+00  0.214726E-03  0.342173E-09  0.755115E-05  0.194551E-03
  0.587251E-02  0.000000E+00  0.707234E-02  0.101840E-02  0.000000E+00  0.117246E-01  0.372292E-07  0.446713E-04  0.730127E-02
  0.647774E-02  0.000000E+00  0.731450E-02  0.101726E-02  0.000000E+00  0.121727E-01  0.233647E-07  0.251248E-04  0.748088E-02
  0.647052E-02  0.000000E+00  0.565153E-02  0.101613E-02  0.000000E+00  0.929820E-02  0.133194E-07  0.184840E-04  0.576210E-02
  0.236996E-02  0.000000E+00  0.126181E-02  0.829708E-03  0.000000E+00  0.236790E-02  0.165961E-08  0.973139E-06  0.138418E-02
  0.000000E+00  0.000000E+00 -0.164187E-03  0.828783E-03  0.000000E+00  0.000000E+00  0.000000E+00 -0.487637E-06 -0.544437E-05
  0.000000E+00  0.000000E+00 -0.169514E-03  0.827888E-03  0.000000E+00  0.000000E+00  0.000000E+00 -0.909328E-07 -0.562135E-05
  0.000000E+00  0.000000E+00 -0.168684E-03  0.821773E-03  0.000000E+00  0.000000E+00  0.000000E+00 -0.336313E-06 -0.547401E-05
  0.000000E+00  0.000000E+00 -0.181864E-03  0.820856E-03  0.000000E+00  0.000000E+00  0.000000E+00 -0.158091E-06 -0.545207E-05
  0.000000E+00  0.000000E+00 -0.182407E-03  0.819999E-03  0.000000E+00  0.000000E+00  0.000000E+00  0.543775E-06 -0.568643E-05
  0.000000E+00  0.000000E+00 -0.179612E-03  0.819085E-03  0.000000E+00  0.000000E+00  0.000000E+00  0.183846E-05 -0.557156E-05
  0.000000E+00  0.000000E+00 -0.201025E-03  0.818200E-03  0.000000E+00  0.000000E+00  0.000000E+00  0.346081E-05 -0.555817E-05
  0.410545E-03  0.000000E+00  0.974255E-04  0.187691E-02  0.000000E+00  0.387240E-03  0.623283E-09  0.753207E-05  0.351562E-03
  0.102475E-01  0.000000E+00  0.123793E-01  0.201673E-02  0.000000E+00  0.205598E-01  0.664908E-07  0.445692E-04  0.128027E-01
  0.111819E-01  0.000000E+00  0.126472E-01  0.201448E-02  0.000000E+00  0.210641E-01  0.414494E-07  0.250695E-04  0.129523E-01
  0.111694E-01  0.000000E+00  0.982188E-02  0.201223E-02  0.000000E+00  0.161584E-01  0.238114E-07  0.184701E-04  0.100225E-01
  0.409104E-02  0.000000E+00  0.221165E-02  0.169016E-02  0.000000E+00  0.414799E-02  0.302074E-08  0.983657E-06  0.242938E-02
  0.000000E+00  0.000000E+00 -0.289434E-03  0.168827E-02  0.000000E+00  0.000000E+00  0.000000E+00 -0.488766E-06 -0.942567E-05
  0.000000E+00  0.000000E+00 -0.298090E-03  0.168645E-02  0.000000E+00  0.000000E+00  0.000000E+00 -0.102911E-06 -0.969126E-05
  0.000000E+00  0.000000E+00 -0.296619E-03  0.167399E-02  0.000000E+00  0.000000E+00  0.000000E+00 -0.336308E-06 -0.948424E-05
  0.000000E+00  0.000000E+00 -0.319119E-03  0.167213E-02  0.000000E+00  0.000000E+00  0.000000E+00 -0.159129E-06 -0.940373E-05
  0.000000E+00  0.000000E+00 -0.319919E-03  0.167044E-02  0.000000E+00  0.000000E+00  0.000000E+00  0.500472E-06 -0.980915E-05
  0.000000E+00  0.000000E+00 -0.314953E-03  0.166858E-02  0.000000E+00  0.000000E+00  0.000000E+00  0.176743E-05 -0.963559E-05
  0.000000E+00  0.000000E+00 -0.352010E-03  0.166678E-02  0.000000E+00  0.000000E+00  0.000000E+00  0.345829E-05 -0.963661E-05
  0.708711E-03  0.000000E+00  0.171406E-03  0.353070E-02  0.000000E+00  0.672895E-03  0.108656E-08  0.742098E-05  0.612239E-03
  0.170224E-01  0.000000E+00  0.206023E-01  0.374236E-02  0.000000E+00  0.342874E-01  0.111578E-06  0.445044E-04  0.213422E-01
  0.182715E-01  0.000000E+00  0.206917E-01  0.373818E-02  0.000000E+00  0.344952E-01  0.683782E-07  0.250244E-04  0.212209E-01
  0.182511E-01  0.000000E+00  0.161725E-01  0.373401E-02  0.000000E+00  0.266066E-01  0.397749E-07  0.185010E-04  0.165176E-01
  0.668486E-02  0.000000E+00  0.365428E-02  0.320726E-02  0.000000E+00  0.685448E-02  0.499884E-08  0.104006E-05  0.401898E-02
  0.000000E+00  0.000000E+00 -0.471730E-03  0.320368E-02  0.000000E+00  0.000000E+00  0.000000E+00 -0.488642E-06 -0.155491E-04
  0.000000E+00  0.000000E+00 -0.484669E-03  0.320022E-02  0.000000E+00  0.000000E+00  0.000000E+00 -0.994180E-07 -0.157975E-04
  0.000000E+00  0.000000E+00 -0.482792E-03  0.317658E-02  0.000000E+00  0.000000E+00  0.000000E+00 -0.335858E-06 -0.154688E-04
  0.000000E+00  0.000000E+00 -0.519530E-03  0.317304E-02  0.000000E+00  0.000000E+00  0.000000E+00 -0.160817E-06 -0.152946E-04
  0.000000E+00  0.000000E+00 -0.519586E-03  0.316984E-02  0.000000E+00  0.000000E+00  0.000000E+00  0.489237E-06 -0.157351E-04
  0.000000E+00  0.000000E+00 -0.511768E-03  0.316630E-02  0.000000E+00  0.000000E+00  0.000000E+00  0.176383E-05 -0.154048E-04
  0.000000E+00  0.000000E+00 -0.583775E-03  0.316288E-02  0.000000E+00  0.000000E+00  0.000000E+00  0.345510E-05 -0.156427E-04
  0.115805E-02  0.000000E+00  0.427958E-03  0.629181E-02  0.000000E+00  0.110724E-02  0.179075E-08  0.843771E-05  0.100674E-02
  0.269447E-01  0.000000E+00  0.327894E-01  0.660203E-02  0.000000E+00  0.538634E-01  0.180374E-06  0.429722E-04  0.335089E-01
  0.286162E-01  0.000000E+00  0.323777E-01  0.659467E-02  0.000000E+00  0.537656E-01  0.108097E-06  0.242678E-04  0.330870E-01
  0.285843E-01  0.000000E+00  0.251887E-01  0.658731E-02  0.000000E+00  0.412927E-01  0.635501E-07  0.175942E-04  0.256540E-01
  0.104696E-01  0.000000E+00  0.579002E-02  0.576153E-02  0.000000E+00  0.105622E-01  0.776660E-08  0.594908E-06  0.621338E-02
  0.000000E+00  0.000000E+00 -0.568449E-03  0.575510E-02  0.000000E+00  0.000000E+00  0.000000E+00 -0.507921E-06 -0.193740E-04
  0.000000E+00  0.000000E+00 -0.595163E-03  0.574888E-02  0.000000E+00  0.000000E+00  0.000000E+00 -0.113410E-06 -0.194991E-04
  0.000000E+00  0.000000E+00 -0.607023E-03  0.570642E-02  0.000000E+00  0.000000E+00  0.000000E+00 -0.337410E-06 -0.196420E-04
  0.000000E+00  0.000000E+00 -0.656668E-03  0.570005E-02  0.000000E+00  0.000000E+00  0.000000E+00 -0.164220E-06 -0.196017E-04
  0.000000E+00  0.000000E+00 -0.689300E-03  0.569431E-02  0.000000E+00  0.000000E+00  0.000000E+00  0.473360E-06 -0.230301E-04
  0.000000E+00  0.000000E+00 -0.689073E-03  0.568796E-02  0.000000E+00  0.000000E+00  0.000000E+00  0.173847E-05 -0.226997E-04
  0.000000E+00  0.000000E+00 -0.995187E-03  0.568182E-02  0.000000E+00  0.000000E+00  0.000000E+00  0.342324E-05 -0.239230E-04
  0.181370E-02  0.000000E+00  0.398424E-03  0.106175E-01  0.000000E+00  0.171568E-02  0.276469E-08  0.982293E-05  0.155107E-02
  0.408140E-01  0.000000E+00  0.479326E-01  0.110483E-01  0.000000E+00  0.791392E-01  0.314610E-06  0.309769E-04  0.490537E-01
  0.429098E-01  0.000000E+00  0.481793E-01  0.110360E-01  0.000000E+00  0.800521E-01  0.177173E-06  0.214277E-04  0.492480E-01
  0.428619E-01  0.000000E+00  0.375789E-01  0.110237E-01  0.000000E+00  0.616590E-01  0.103596E-06  0.158541E-04  0.383213E-01
  0.156991E-01  0.000000E+00  0.855039E-02  0.978416E-02  0.000000E+00  0.157714E-01  0.115964E-07  0.561024E-06  0.928272E-02
  0.000000E+00  0.000000E+00 -0.952635E-03  0.977324E-02  0.000000E+00  0.000000E+00  0.000000E+00 -0.509190E-06 -0.288268E-04
  0.000000E+00  0.000000E+00 -0.991252E-03  0.976269E-02  0.000000E+00  0.000000E+00  0.000000E+00 -0.119196E-06 -0.291471E-04
  0.000000E+00  0.000000E+00 -0.100301E-02  0.969058E-02  0.000000E+00  0.000000E+00  0.000000E+00 -0.337004E-06 -0.292155E-04
  0.000000E+00  0.000000E+00 -0.107355E-02  0.967977E-02  0.000000E+00  0.000000E+00  0.000000E+00 -0.167499E-06 -0.293073E-04
  0.000000E+00  0.000000E+00 -0.112144E-02  0.966967E-02  0.000000E+00  0.000000E+00  0.000000E+00  0.492694E-06 -0.344845E-04
  0.000000E+00  0.000000E+00 -0.111885E-02  0.965888E-02  0.000000E+00  0.000000E+00  0.000000E+00  0.179032E-05 -0.342838E-04
  0.000000E+00  0.000000E+00 -0.161383E-02  0.964845E-02  0.000000E+00  0.000000E+00  0.000000E+00  0.342342E-05 -0.358096E-04
  0.271953E-02  0.000000E+00  0.472700E-03  0.170400E-01  0.000000E+00  0.257886E-02  0.413649E-08  0.996422E-05  0.233193E-02
  0.593430E-01  0.000000E+00  0.689659E-01  0.176136E-01  0.000000E+00  0.114228E+00  0.465717E-06  0.294676E-04  0.707208E-01
  0.618439E-01  0.000000E+00  0.688230E-01  0.175940E-01  0.000000E+00  0.114597E+00  0.261243E-06  0.211292E-04  0.704827E-01
  0.617750E-01  0.000000E+00  0.536328E-01  0.175743E-01  0.000000E+00  0.881328E-01  0.155170E-06  0.153926E-04  0.547706E-01
  0.226264E-01  0.000000E+00  0.121950E-01  0.157861E-01  0.000000E+00  0.226015E-01  0.166586E-07  0.600287E-06  0.133038E-01
  0.000000E+00  0.000000E+00 -0.137970E-02  0.157685E-01  0.000000E+00  0.000000E+00  0.000000E+00 -0.509169E-06 -0.431404E-04
  0.000000E+00  0.000000E+00 -0.143359E-02  0.157515E-01  0.000000E+00  0.000000E+00  0.000000E+00 -0.134182E-06 -0.434044E-04
  0.000000E+00  0.000000E+00 -0.145691E-02  0.156351E-01  0.000000E+00  0.000000E+00  0.000000E+00 -0.336538E-06 -0.443675E-04
  0.000000E+00  0.000000E+00 -0.157192E-02  0.156177E-01  0.000000E+00  0.000000E+00  0.000000E+00 -0.171517E-06 -0.465744E-04
  0.000000E+00  0.000000E+00 -0.161876E-02  0.156019E-01  0.000000E+00  0.000000E+00  0.000000E+00  0.443104E-06 -0.517267E-04
  0.000000E+00  0.000000E+00 -0.161474E-02  0.155845E-01  0.000000E+00  0.000000E+00  0.000000E+00  0.173650E-05 -0.513113E-04
  0.000000E+00  0.000000E+00 -0.241707E-02  0.155677E-01  0.000000E+00  0.000000E+00  0.000000E+00  0.341294E-05 -0.526070E-04
  0.395572E-02  0.000000E+00  0.851799E-03  0.236683E-01  0.000000E+00  0.374994E-02  0.608690E-08  0.111315E-04  0.338384E-02
  0.786641E-01  0.000000E+00  0.859407E-01  0.241942E-01  0.000000E+00  0.150107E+00  0.651660E-06  0.262679E-04  0.926832E-01
  0.800837E-01  0.000000E+00  0.845591E-01  0.241672E-01  0.000000E+00  0.147857E+00  0.346552E-06  0.217132E-04  0.909542E-01
  0.799943E-01  0.000000E+00  0.664508E-01  0.241402E-01  0.000000E+00  0.113468E+00  0.205155E-06  0.156310E-04  0.705500E-01
  0.292996E-01  0.000000E+00  0.139106E-01  0.218231E-01  0.000000E+00  0.293242E-01  0.214323E-07  0.712922E-06  0.172625E-01
  0.000000E+00  0.000000E+00 -0.344991E-02  0.217987E-01  0.000000E+00  0.000000E+00  0.000000E+00 -0.508843E-06 -0.561410E-04
  0.000000E+00  0.000000E+00 -0.353163E-02  0.217752E-01  0.000000E+00  0.000000E+00  0.000000E+00 -0.128498E-06 -0.598680E-04
  0.000000E+00  0.000000E+00 -0.343782E-02  0.216143E-01  0.000000E+00  0.000000E+00  0.000000E+00 -0.336214E-06 -0.571512E-04
  0.000000E+00  0.000000E+00 -0.352985E-02  0.215902E-01  0.000000E+00  0.000000E+00  0.000000E+00 -0.175515E-06 -0.599905E-04
  0.000000E+00  0.000000E+00 -0.355730E-02  0.215685E-01  0.000000E+00  0.000000E+00  0.000000E+00  0.432203E-06 -0.666454E-04
  0.000000E+00  0.000000E+00 -0.348121E-02  0.215444E-01  0.000000E+00  0.000000E+00  0.000000E+00  0.173775E-05 -0.661093E-04
  0.000000E+00  0.000000E+00 -0.529133E-02  0.215211E-01  0.000000E+00  0.000000E+00  0.000000E+00  0.340612E-05 -0.677930E-04
  0.512410E-02  0.000000E+00 -0.117757E-02  0.324879E-01  0.000000E+00  0.483952E-02  0.787532E-08  0.117823E-04  0.436125E-02
  0.102318E+00  0.000000E+00  0.109530E+00  0.332123E-01  0.000000E+00  0.194713E+00  0.850025E-06  0.266858E-04  0.120304E+00
  0.105498E+00  0.000000E+00  0.109184E+00  0.331830E-01  0.000000E+00  0.193822E+00  0.461643E-06  0.224895E-04  0.119259E+00
  0.105402E+00  0.000000E+00  0.857076E-01  0.331460E-01  0.000000E+00  0.148121E+00  0.274804E-06  0.158693E-04  0.921268E-01
  0.387052E-01  0.000000E+00  0.174441E-01  0.300915E-01  0.000000E+00  0.386274E-01  0.282857E-07  0.822401E-06  0.227467E-01
  0.000000E+00  0.000000E+00 -0.531363E-02  0.300579E-01  0.000000E+00  0.000000E+00  0.000000E+00 -0.508834E-06 -0.745928E-04
  0.000000E+00  0.000000E+00 -0.542514E-02  0.300255E-01  0.000000E+00  0.000000E+00  0.000000E+00 -0.131948E-06 -0.800471E-04
  0.000000E+00  0.000000E+00 -0.525076E-02  0.298037E-01  0.000000E+00  0.000000E+00  0.000000E+00 -0.335889E-06 -0.758278E-04
  0.000000E+00  0.000000E+00 -0.534538E-02  0.297704E-01  0.000000E+00  0.000000E+00  0.000000E+00 -0.179735E-06 -0.795957E-04
  0.000000E+00  0.000000E+00 -0.536782E-02  0.297404E-01  0.000000E+00  0.000000E+00  0.000000E+00  0.422062E-06 -0.884209E-04
  0.000000E+00  0.000000E+00 -0.523625E-02  0.297073E-01  0.000000E+00  0.000000E+00  0.000000E+00  0.173929E-05 -0.877099E-04
  0.000000E+00  0.000000E+00 -0.798552E-02  0.296752E-01  0.000000E+00  0.000000E+00  0.000000E+00  0.340218E-05 -0.899382E-04
  0.676654E-02  0.000000E+00 -0.262982E-02  0.439749E-01  0.000000E+00  0.635897E-02  0.103523E-07  0.119498E-04  0.572713E-02
  0.134980E+00  0.000000E+00  0.142463E+00  0.449337E-01  0.000000E+00  0.254188E+00  0.112182E-05  0.269083E-04  0.157025E+00
  0.139066E+00  0.000000E+00  0.142311E+00  0.448836E-01  0.000000E+00  0.253308E+00  0.619330E-06  0.230624E-04  0.155830E+00
  0.139672E+00  0.000000E+00  0.112377E+00  0.448555E-01  0.000000E+00  0.194462E+00  0.369078E-06  0.160101E-04  0.121003E+00
  0.511577E-01  0.000000E+00  0.228180E-01  0.408067E-01  0.000000E+00  0.511427E-01  0.377870E-07  0.944733E-06  0.301252E-01
  0.000000E+00  0.000000E+00 -0.726923E-02  0.407612E-01  0.000000E+00  0.000000E+00  0.000000E+00 -0.508640E-06 -0.986407E-04
  0.000000E+00  0.000000E+00 -0.741283E-02  0.407172E-01  0.000000E+00  0.000000E+00  0.000000E+00 -0.135263E-06 -0.105641E-03
  0.000000E+00  0.000000E+00 -0.717390E-02  0.404164E-01  0.000000E+00  0.000000E+00  0.000000E+00 -0.336055E-06 -0.100297E-03
  0.000000E+00  0.000000E+00 -0.729039E-02  0.403714E-01  0.000000E+00  0.000000E+00  0.000000E+00 -0.184199E-06 -0.105331E-03
  0.000000E+00  0.000000E+00 -0.731271E-02  0.403292E-01  0.000000E+00  0.000000E+00  0.000000E+00  0.442986E-06 -0.117000E-03
  0.000000E+00  0.000000E+00 -0.712628E-02  0.402842E-01  0.000000E+00  0.000000E+00  0.000000E+00  0.178988E-05 -0.116000E-03
  0.000000E+00  0.000000E+00 -0.108988E-01  0.402407E-01  0.000000E+00  0.000000E+00  0.000000E+00  0.339539E-05 -0.118898E-03
  0.133735E-01  0.000000E+00  0.143364E-02  0.594123E-01  0.000000E+00  0.166714E-01  0.374845E-07  0.123806E-04  0.128198E-01
  0.180768E+00  0.000000E+00  0.188961E+00  0.608304E-01  0.000000E+00  0.336605E+00  0.149421E-05  0.268659E-04  0.207949E+00
  0.188942E+00  0.000000E+00  0.191940E+00  0.607626E-01  0.000000E+00  0.340654E+00  0.848911E-06  0.233779E-04  0.209470E+00
  0.190810E+00  0.000000E+00  0.152104E+00  0.607547E-01  0.000000E+00  0.262457E+00  0.507055E-06  0.160788E-04  0.163328E+00
  0.698881E-01  0.000000E+00  0.313739E-01  0.552242E-01  0.000000E+00  0.697414E-01  0.523751E-07  0.105616E-05  0.410917E-01
  0.000000E+00  0.000000E+00 -0.963876E-02  0.551626E-01  0.000000E+00  0.000000E+00  0.000000E+00 -0.508073E-06 -0.135183E-03
  0.000000E+00  0.000000E+00 -0.983001E-02  0.551030E-01  0.000000E+00  0.000000E+00  0.000000E+00 -0.144164E-06 -0.144231E-03
  0.000000E+00  0.000000E+00 -0.953014E-02  0.546960E-01  0.000000E+00  0.000000E+00  0.000000E+00 -0.336277E-06 -0.137445E-03
  0.000000E+00  0.000000E+00 -0.969435E-02  0.546350E-01  0.000000E+00  0.000000E+00  0.000000E+00 -0.187868E-06 -0.144464E-03
  0.000000E+00  0.000000E+00 -0.973565E-02  0.545799E-01  0.000000E+00  0.000000E+00  0.000000E+00  0.402151E-06 -0.160393E-03
  0.000000E+00  0.000000E+00 -0.949905E-02  0.545190E-01  0.000000E+00  0.000000E+00  0.000000E+00  0.173233E-05 -0.159096E-03
  0.000000E+00  0.000000E+00 -0.145955E-01  0.544602E-01  0.000000E+00  0.000000E+00  0.000000E+00  0.337541E-05 -0.163126E-03
  0.122021E-01  0.000000E+00 -0.517433E-02  0.799832E-01  0.000000E+00  0.113169E-01  0.184119E-07  0.120768E-04  0.101781E-01
  0.249954E+00  0.000000E+00  0.260586E+00  0.820464E-01  0.000000E+00  0.460859E+00  0.205741E-05  0.271110E-04  0.284695E+00
  0.262206E+00  0.000000E+00  0.265679E+00  0.819549E-01  0.000000E+00  0.468269E+00  0.118325E-05  0.236880E-04  0.287825E+00
  0.266367E+00  0.000000E+00  0.212250E+00  0.819918E-01  0.000000E+00  0.363767E+00  0.712589E-06  0.161324E-04  0.226508E+00
  0.975626E-01  0.000000E+00  0.449485E-01  0.742743E-01  0.000000E+00  0.977850E-01  0.739725E-07  0.121846E-05  0.576296E-01
  0.000000E+00  0.000000E+00 -0.126089E-01  0.741915E-01  0.000000E+00  0.000000E+00  0.000000E+00 -0.506185E-06 -0.189771E-03
  0.000000E+00  0.000000E+00 -0.128888E-01  0.741114E-01  0.000000E+00  0.000000E+00  0.000000E+00 -0.136862E-06 -0.202771E-03
  0.000000E+00  0.000000E+00 -0.125128E-01  0.735640E-01  0.000000E+00  0.000000E+00  0.000000E+00 -0.336509E-06 -0.192871E-03
  0.000000E+00  0.000000E+00 -0.127654E-01  0.734819E-01  0.000000E+00  0.000000E+00  0.000000E+00 -0.190502E-06 -0.202839E-03
  0.000000E+00  0.000000E+00 -0.128403E-01  0.734079E-01  0.000000E+00  0.000000E+00  0.000000E+00  0.393212E-06 -0.225085E-03
  0.000000E+00  0.000000E+00 -0.125483E-01  0.733259E-01  0.000000E+00  0.000000E+00  0.000000E+00  0.171794E-05 -0.223259E-03
  0.000000E+00  0.000000E+00 -0.193776E-01  0.732468E-01  0.000000E+00  0.000000E+00  0.000000E+00  0.334270E-05 -0.228925E-03
  0.254742E-01  0.000000E+00  0.361440E-02  0.109555E+00  0.000000E+00  0.312445E-01  0.702363E-07  0.125289E-04  0.239850E-01
  0.359034E+00  0.000000E+00  0.370300E+00  0.112924E+00  0.000000E+00  0.649833E+00  0.290891E-05  0.267726E-04  0.401279E+00
  0.382433E+00  0.000000E+00  0.383440E+00  0.112798E+00  0.000000E+00  0.670931E+00  0.171997E-05  0.236137E-04  0.411875E+00
  0.382006E+00  0.000000E+00  0.301822E+00  0.112672E+00  0.000000E+00  0.514557E+00  0.101795E-05  0.160332E-04  0.320239E+00
  0.139918E+00  0.000000E+00  0.655954E-01  0.101609E+00  0.000000E+00  0.139713E+00  0.107088E-06  0.135416E-05  0.823000E-01
  0.000000E+00  0.000000E+00 -0.166337E-01  0.101496E+00  0.000000E+00  0.000000E+00  0.000000E+00 -0.503900E-06 -0.270154E-03
  0.000000E+00  0.000000E+00 -0.170521E-01  0.101386E+00  0.000000E+00  0.000000E+00  0.000000E+00 -0.137042E-06 -0.289343E-03
  0.000000E+00  0.000000E+00 -0.165753E-01  0.100637E+00  0.000000E+00  0.000000E+00  0.000000E+00 -0.337185E-06 -0.274262E-03
  0.000000E+00  0.000000E+00 -0.169742E-01  0.100525E+00  0.000000E+00  0.000000E+00  0.000000E+00 -0.192881E-06 -0.288684E-03
  0.000000E+00  0.000000E+00 -0.171055E-01  0.100424E+00  0.000000E+00  0.000000E+00  0.000000E+00  0.383421E-06 -0.320131E-03
  0.000000E+00  0.000000E+00 -0.167476E-01  0.100312E+00  0.000000E+00  0.000000E+00  0.000000E+00  0.169273E-05 -0.317525E-03
  0.000000E+00  0.000000E+00 -0.260272E-01  0.100204E+00  0.000000E+00  0.000000E+00  0.000000E+00  0.329294E-05 -0.325616E-03
  0.243780E-01  0.000000E+00 -0.770160E-02  0.152217E+00  0.000000E+00  0.221309E-01  0.359177E-07  0.122100E-04  0.198503E-01
  0.522709E+00  0.000000E+00  0.542865E+00  0.157362E+00  0.000000E+00  0.943715E+00  0.418694E-05  0.267347E-04  0.582963E+00
  0.559402E+00  0.000000E+00  0.558260E+00  0.157217E+00  0.000000E+00  0.970063E+00  0.250953E-05  0.232356E-04  0.595062E+00
  0.558893E+00  0.000000E+00  0.441195E+00  0.157042E+00  0.000000E+00  0.746983E+00  0.148682E-05  0.157979E-04  0.465101E+00
  0.204970E+00  0.000000E+00  0.976633E-01  0.140865E+00  0.000000E+00  0.203147E+00  0.160509E-06  0.141512E-05  0.119548E+00
  0.000000E+00  0.000000E+00 -0.215959E-01  0.140708E+00  0.000000E+00  0.000000E+00  0.000000E+00 -0.517917E-06 -0.401090E-03
  0.000000E+00  0.000000E+00 -0.222440E-01  0.140556E+00  0.000000E+00  0.000000E+00  0.000000E+00 -0.126263E-06 -0.430054E-03
  0.000000E+00  0.000000E+00 -0.216588E-01  0.139518E+00  0.000000E+00  0.000000E+00  0.000000E+00 -0.342593E-06 -0.404322E-03
  0.000000E+00  0.000000E+00 -0.223590E-01  0.139362E+00  0.000000E+00  0.000000E+00  0.000000E+00 -0.203875E-06 -0.429206E-03
  0.000000E+00  0.000000E+00 -0.225423E-01  0.139217E+00  0.000000E+00  0.000000E+00  0.000000E+00  0.447773E-06 -0.470406E-03
  0.000000E+00  0.000000E+00 -0.221356E-01  0.139062E+00  0.000000E+00  0.000000E+00  0.000000E+00  0.185782E-05 -0.465894E-03
  0.000000E+00  0.000000E+00 -0.351083E-01  0.138912E+00  0.000000E+00  0.000000E+00  0.000000E+00  0.344337E-05 -0.478767E-03
  0.534379E-01  0.000000E+00  0.123350E-01  0.217202E+00  0.000000E+00  0.641522E-01  0.145375E-06  0.129768E-04  0.491507E-01
  0.777261E+00  0.000000E+00  0.792530E+00  0.225270E+00  0.000000E+00  0.137151E+01  0.603252E-05  0.257852E-04  0.845941E+00
  0.832376E+00  0.000000E+00  0.807558E+00  0.225106E+00  0.000000E+00  0.140056E+01  0.364560E-05  0.221889E-04  0.856863E+00
  0.833573E+00  0.000000E+00  0.646237E+00  0.224998E+00  0.000000E+00  0.109000E+01  0.216418E-05  0.151537E-04  0.678284E+00
  0.305381E+00  0.000000E+00  0.143994E+00  0.200955E+00  0.000000E+00  0.295350E+00  0.246253E-06  0.134312E-05  0.173372E+00
  0.000000E+00  0.000000E+00 -0.292333E-01  0.200813E+00  0.000000E+00  0.000000E+00  0.000000E+00 -0.548747E-06 -0.623581E-03
  0.000000E+00  0.000000E+00 -0.299639E-01  0.200676E+00  0.000000E+00  0.000000E+00  0.000000E+00 -0.993509E-07 -0.650514E-03
  0.000000E+00  0.000000E+00 -0.296005E-01  0.199179E+00  0.000000E+00  0.000000E+00  0.000000E+00 -0.349028E-06 -0.644763E-03
  0.000000E+00  0.000000E+00 -0.303186E-01  0.199038E+00  0.000000E+00  0.000000E+00  0.000000E+00 -0.226558E-06 -0.647620E-03
  0.000000E+00  0.000000E+00 -0.306371E-01  0.198910E+00  0.000000E+00  0.000000E+00  0.000000E+00  0.512909E-06 -0.709923E-03
  0.000000E+00  0.000000E+00 -0.303098E-01  0.198770E+00  0.000000E+00  0.000000E+00  0.000000E+00  0.214623E-05 -0.719375E-03
  0.000000E+00  0.000000E+00 -0.481913E-01  0.198633E+00  0.000000E+00  0.000000E+00  0.000000E+00  0.388957E-05 -0.726514E-03
  0.796903E-01  0.000000E+00  0.228253E-01  0.314347E+00  0.000000E+00  0.936393E-01  0.217929E-06  0.154918E-04  0.715210E-01
  0.115323E+01  0.000000E+00  0.115366E+01  0.326044E+00  0.000000E+00  0.199104E+01  0.866346E-05  0.242467E-04  0.122544E+01
  0.122934E+01  0.000000E+00  0.115018E+01  0.325789E+00  0.000000E+00  0.199699E+01  0.523005E-05  0.203205E-04  0.121763E+01
  0.123286E+01  0.000000E+00  0.937607E+00  0.325668E+00  0.000000E+00  0.157836E+01  0.312263E-05  0.141141E-04  0.981269E+00
  0.451645E+00  0.000000E+00  0.207984E+00  0.290098E+00  0.000000E+00  0.423191E+00  0.379387E-06  0.118547E-05  0.247733E+00
  0.000000E+00  0.000000E+00 -0.397168E-01  0.289876E+00  0.000000E+00  0.000000E+00  0.000000E+00 -0.571656E-06 -0.963062E-03
  0.000000E+00  0.000000E+00 -0.406781E-01  0.289661E+00  0.000000E+00  0.000000E+00  0.000000E+00 -0.206676E-07 -0.986215E-03
  0.000000E+00  0.000000E+00 -0.407293E-01  0.287503E+00  0.000000E+00  0.000000E+00  0.000000E+00 -0.336517E-06 -0.101753E-02
  0.000000E+00  0.000000E+00 -0.416683E-01  0.287283E+00  0.000000E+00  0.000000E+00  0.000000E+00 -0.239334E-06 -0.992368E-03
  0.000000E+00  0.000000E+00 -0.423151E-01  0.287084E+00  0.000000E+00  0.000000E+00  0.000000E+00  0.645985E-06 -0.109514E-02
  0.000000E+00  0.000000E+00 -0.417751E-01  0.286865E+00  0.000000E+00  0.000000E+00  0.000000E+00  0.262603E-05 -0.108774E-02
  0.000000E+00  0.000000E+00 -0.669921E-01  0.286652E+00  0.000000E+00  0.000000E+00  0.000000E+00  0.445165E-05 -0.109736E-02
  0.156641E+00  0.000000E+00  0.750355E-01  0.416914E+00  0.000000E+00  0.192338E+00  0.452802E-06  0.172838E-04  0.139491E+00
  0.162064E+01  0.000000E+00  0.160043E+01  0.431513E+00  0.000000E+00  0.272207E+01  0.116785E-04  0.224848E-04  0.166979E+01
  0.172078E+01  0.000000E+00  0.154306E+01  0.431139E+00  0.000000E+00  0.265491E+01  0.705272E-05  0.179302E-04  0.161062E+01
  0.171912E+01  0.000000E+00  0.127945E+01  0.430766E+00  0.000000E+00  0.213303E+01  0.421168E-05  0.126317E-04  0.132414E+01
  0.629744E+00  0.000000E+00  0.283008E+00  0.381155E+00  0.000000E+00  0.559159E+00  0.540690E-06  0.122989E-05  0.325195E+00
  0.000000E+00  0.000000E+00 -0.440733E-01  0.380830E+00  0.000000E+00  0.000000E+00  0.000000E+00 -0.567683E-06 -0.136490E-02
  0.000000E+00  0.000000E+00 -0.455514E-01  0.380515E+00  0.000000E+00  0.000000E+00  0.000000E+00  0.740379E-07 -0.138897E-02
  0.000000E+00  0.000000E+00 -0.458466E-01  0.377687E+00  0.000000E+00  0.000000E+00  0.000000E+00 -0.308136E-06 -0.140751E-02
  0.000000E+00  0.000000E+00 -0.486196E-01  0.377365E+00  0.000000E+00  0.000000E+00  0.000000E+00 -0.232318E-06 -0.144938E-02
  0.000000E+00  0.000000E+00 -0.492053E-01  0.377074E+00  0.000000E+00  0.000000E+00  0.000000E+00  0.782031E-06 -0.152714E-02
  0.000000E+00  0.000000E+00 -0.488229E-01  0.376752E+00  0.000000E+00  0.000000E+00  0.000000E+00  0.309794E-05 -0.150287E-02
  0.000000E+00  0.000000E+00 -0.783981E-01  0.376441E+00  0.000000E+00  0.000000E+00  0.000000E+00  0.492361E-05 -0.151799E-02
  0.218282E+00  0.000000E+00  0.119629E+00  0.538707E+00  0.000000E+00  0.261726E+00  0.634714E-06  0.201999E-04  0.188935E+00
  0.213910E+01  0.000000E+00  0.200214E+01  0.554507E+00  0.000000E+00  0.342152E+01  0.146758E-04  0.194428E-04  0.208714E+01
  0.224204E+01  0.000000E+00  0.184211E+01  0.553994E+00  0.000000E+00  0.320128E+01  0.880622E-05  0.148671E-04  0.192618E+01
  0.224417E+01  0.000000E+00  0.158023E+01  0.553608E+00  0.000000E+00  0.264550E+01  0.533378E-05  0.104188E-04  0.163663E+01
  0.126893E+01  0.000000E+00  0.490454E+00  0.488825E+00  0.000000E+00  0.915344E+00  0.948602E-06  0.137603E-05  0.541451E+00
  0.000000E+00  0.000000E+00 -0.550861E-01  0.488378E+00  0.000000E+00  0.000000E+00  0.000000E+00 -0.533544E-06 -0.189012E-02
  0.000000E+00  0.000000E+00 -0.575187E-01  0.487947E+00  0.000000E+00  0.000000E+00  0.000000E+00  0.189162E-06 -0.196850E-02
  0.000000E+00  0.000000E+00 -0.572397E-01  0.484325E+00  0.000000E+00  0.000000E+00  0.000000E+00 -0.271716E-06 -0.187815E-02
  0.000000E+00  0.000000E+00 -0.615289E-01  0.483882E+00  0.000000E+00  0.000000E+00  0.000000E+00 -0.215461E-06 -0.193192E-02
  0.000000E+00  0.000000E+00 -0.624567E-01  0.483469E+00  0.000000E+00  0.000000E+00  0.000000E+00  0.941152E-06 -0.203527E-02
  0.000000E+00  0.000000E+00 -0.622824E-01  0.483027E+00  0.000000E+00  0.000000E+00  0.000000E+00  0.360015E-05 -0.202197E-02
  0.000000E+00  0.000000E+00 -0.100434E+00  0.482601E+00  0.000000E+00  0.000000E+00  0.000000E+00  0.532027E-05 -0.202950E-02
  0.284877E+00  0.000000E+00  0.152737E+00  0.627874E+00  0.000000E+00  0.329235E+00  0.827169E-06  0.213498E-04  0.236127E+00
  0.252851E+01  0.000000E+00  0.225934E+01  0.638827E+00  0.000000E+00  0.390541E+01  0.166661E-04  0.175845E-04  0.237078E+01
  0.259690E+01  0.000000E+00  0.198072E+01  0.638222E+00  0.000000E+00  0.349654E+01  0.980148E-05  0.132041E-04  0.209044E+01
  0.259432E+01  0.000000E+00  0.173305E+01  0.637617E+00  0.000000E+00  0.293030E+01  0.598854E-05  0.903738E-05  0.180677E+01
  0.224017E+01  0.000000E+00  0.727647E+00  0.562714E+00  0.000000E+00  0.132100E+01  0.131503E-05  0.166617E-05  0.787281E+00
  0.000000E+00  0.000000E+00 -0.570650E-01  0.562184E+00  0.000000E+00  0.000000E+00  0.000000E+00 -0.392260E-06 -0.131624E-02
  0.000000E+00  0.000000E+00 -0.643473E-01  0.561671E+00  0.000000E+00  0.000000E+00  0.000000E+00  0.251982E-06 -0.185882E-02
  0.000000E+00  0.000000E+00 -0.660112E-01  0.557505E+00  0.000000E+00  0.000000E+00  0.000000E+00 -0.240866E-06 -0.197707E-02
  0.000000E+00  0.000000E+00 -0.724951E-01  0.556979E+00  0.000000E+00  0.000000E+00  0.000000E+00 -0.197501E-06 -0.210049E-02
  0.000000E+00  0.000000E+00 -0.743652E-01  0.556505E+00  0.000000E+00  0.000000E+00  0.000000E+00  0.990079E-06 -0.229924E-02
  0.000000E+00  0.000000E+00 -0.741348E-01  0.555981E+00  0.000000E+00  0.000000E+00  0.000000E+00  0.376401E-05 -0.227454E-02
  0.000000E+00  0.000000E+00 -0.125804E+00  0.555474E+00  0.000000E+00  0.000000E+00  0.000000E+00  0.551391E-05 -0.234507E-02
  0.246689E+00  0.000000E+00  0.719146E-01  0.702955E+00  0.000000E+00  0.253754E+00  0.664423E-06  0.222454E-04  0.189976E+00
  0.283734E+01  0.000000E+00  0.240631E+01  0.712619E+00  0.000000E+00  0.421808E+01  0.178282E-04  0.170409E-04  0.255062E+01
  0.289887E+01  0.000000E+00  0.205575E+01  0.711928E+00  0.000000E+00  0.369318E+01  0.104467E-04  0.122316E-04  0.219448E+01
  0.289589E+01  0.000000E+00  0.184349E+01  0.711237E+00  0.000000E+00  0.314890E+01  0.648129E-05  0.809252E-05  0.193633E+01
  0.163568E+01  0.000000E+00  0.541241E+00  0.627615E+00  0.000000E+00  0.105730E+01  0.113705E-05  0.120443E-05  0.619153E+00
  0.000000E+00  0.000000E+00 -0.816585E-01  0.627011E+00  0.000000E+00  0.000000E+00  0.000000E+00 -0.480884E-06 -0.245292E-02
  0.000000E+00  0.000000E+00 -0.849324E-01  0.626426E+00  0.000000E+00  0.000000E+00  0.000000E+00  0.312337E-06 -0.254243E-02
  0.000000E+00  0.000000E+00 -0.843065E-01  0.621780E+00  0.000000E+00  0.000000E+00  0.000000E+00 -0.224447E-06 -0.242521E-02
  0.000000E+00  0.000000E+00 -0.917190E-01  0.621181E+00  0.000000E+00  0.000000E+00  0.000000E+00 -0.188920E-06 -0.247867E-02
  0.000000E+00  0.000000E+00 -0.928931E-01  0.620640E+00  0.000000E+00  0.000000E+00  0.000000E+00  0.102611E-05 -0.261055E-02
  0.000000E+00  0.000000E+00 -0.924265E-01  0.620042E+00  0.000000E+00  0.000000E+00  0.000000E+00  0.392726E-05 -0.260020E-02
  0.000000E+00  0.000000E+00 -0.148104E+00  0.619464E+00  0.000000E+00  0.000000E+00  0.000000E+00  0.570021E-05 -0.260538E-02
  0.367430E+00  0.000000E+00  0.160888E+00  0.779632E+00  0.000000E+00  0.392769E+00  0.101598E-05  0.224614E-04  0.279280E+00
  0.314894E+01  0.000000E+00  0.248458E+01  0.788990E+00  0.000000E+00  0.446508E+01  0.191524E-04  0.150398E-04  0.268581E+01
  0.319544E+01  0.000000E+00  0.207281E+01  0.788210E+00  0.000000E+00  0.384402E+01  0.110369E-04  0.113526E-04  0.226857E+01
  0.319214E+01  0.000000E+00  0.190076E+01  0.787428E+00  0.000000E+00  0.331562E+01  0.688668E-05  0.737981E-05  0.203097E+01
  0.180153E+01  0.000000E+00  0.535632E+00  0.695236E+00  0.000000E+00  0.110006E+01  0.119334E-05  0.117271E-05  0.641017E+00
  0.000000E+00  0.000000E+00 -0.106483E+00  0.694549E+00  0.000000E+00  0.000000E+00  0.000000E+00 -0.458615E-06 -0.272871E-02
  0.000000E+00  0.000000E+00 -0.110031E+00  0.693885E+00  0.000000E+00  0.000000E+00  0.000000E+00  0.362024E-06 -0.281885E-02
  0.000000E+00  0.000000E+00 -0.108728E+00  0.688736E+00  0.000000E+00  0.000000E+00  0.000000E+00 -0.203262E-06 -0.270569E-02
  0.000000E+00  0.000000E+00 -0.116811E+00  0.688055E+00  0.000000E+00  0.000000E+00  0.000000E+00 -0.176116E-06 -0.274560E-02
  0.000000E+00  0.000000E+00 -0.117826E+00  0.687440E+00  0.000000E+00  0.000000E+00  0.000000E+00  0.107222E-05 -0.289643E-02
  0.000000E+00  0.000000E+00 -0.116788E+00  0.686760E+00  0.000000E+00  0.000000E+00  0.000000E+00  0.408814E-05 -0.288810E-02
  0.000000E+00  0.000000E+00 -0.186493E+00  0.686103E+00  0.000000E+00  0.000000E+00  0.000000E+00  0.584412E-05 -0.288663E-02
  0.404591E+00  0.000000E+00  0.146184E+00  0.840279E+00  0.000000E+00  0.411989E+00  0.107383E-05  0.227376E-04  0.291454E+00
  0.338977E+01  0.000000E+00  0.253833E+01  0.847931E+00  0.000000E+00  0.462228E+01  0.198844E-04  0.143665E-04  0.276764E+01
  0.342911E+01  0.000000E+00  0.209075E+01  0.847120E+00  0.000000E+00  0.394389E+01  0.114142E-04  0.108833E-04  0.231448E+01
  0.342736E+01  0.000000E+00  0.194934E+01  0.846285E+00  0.000000E+00  0.343493E+01  0.717450E-05  0.695768E-05  0.209806E+01
  0.193194E+01  0.000000E+00  0.537179E+00  0.747279E+00  0.000000E+00  0.113045E+01  0.123431E-05  0.115933E-05  0.656267E+00
  0.000000E+00  0.000000E+00 -0.119321E+00  0.746513E+00  0.000000E+00  0.000000E+00  0.000000E+00 -0.442052E-06 -0.292646E-02
  0.000000E+00  0.000000E+00 -0.123253E+00  0.745771E+00  0.000000E+00  0.000000E+00  0.000000E+00  0.396279E-06 -0.302354E-02
  0.000000E+00  0.000000E+00 -0.121738E+00  0.740217E+00  0.000000E+00  0.000000E+00  0.000000E+00 -0.188327E-06 -0.289866E-02
  0.000000E+00  0.000000E+00 -0.131537E+00  0.739456E+00  0.000000E+00  0.000000E+00  0.000000E+00 -0.167025E-06 -0.294376E-02
  0.000000E+00  0.000000E+00 -0.132447E+00  0.738744E+00  0.000000E+00  0.000000E+00  0.000000E+00  0.114369E-05 -0.310160E-02
  0.000000E+00  0.000000E+00 -0.131254E+00  0.737983E+00  0.000000E+00  0.000000E+00  0.000000E+00  0.430308E-05 -0.309323E-02
  0.000000E+00  0.000000E+00 -0.210237E+00  0.737246E+00  0.000000E+00  0.000000E+00  0.000000E+00  0.595610E-05 -0.309199E-02
  0.435228E+00  0.000000E+00  0.138727E+00  0.890202E+00  0.000000E+00  0.426518E+00  0.111760E-05  0.231197E-04  0.300436E+00
  0.356281E+01  0.000000E+00  0.257033E+01  0.895899E+00  0.000000E+00  0.473120E+01  0.204326E-04  0.138398E-04  0.282518E+01
  0.359337E+01  0.000000E+00  0.209464E+01  0.894953E+00  0.000000E+00  0.401021E+01  0.116849E-04  0.105141E-04  0.234450E+01
  0.358945E+01  0.000000E+00  0.196946E+01  0.893989E+00  0.000000E+00  0.350364E+01  0.736518E-05  0.666242E-05  0.213543E+01
  0.202013E+01  0.000000E+00  0.533013E+00  0.790243E+00  0.000000E+00  0.114793E+01  0.126100E-05  0.114597E-05  0.664649E+00
  0.000000E+00  0.000000E+00 -0.131659E+00  0.789379E+00  0.000000E+00  0.000000E+00  0.000000E+00 -0.431506E-06 -0.309304E-02
  0.000000E+00  0.000000E+00 -0.135911E+00  0.788542E+00  0.000000E+00  0.000000E+00  0.000000E+00  0.402447E-06 -0.318969E-02
  0.000000E+00  0.000000E+00 -0.134265E+00  0.782624E+00  0.000000E+00  0.000000E+00  0.000000E+00 -0.177528E-06 -0.306123E-02
  0.000000E+00  0.000000E+00 -0.145677E+00  0.781764E+00  0.000000E+00  0.000000E+00  0.000000E+00 -0.160393E-06 -0.310560E-02
  0.000000E+00  0.000000E+00 -0.146687E+00  0.780987E+00  0.000000E+00  0.000000E+00  0.000000E+00  0.113124E-05 -0.327183E-02
  0.000000E+00  0.000000E+00 -0.145348E+00  0.780127E+00  0.000000E+00  0.000000E+00  0.000000E+00  0.429833E-05 -0.326579E-02
  0.000000E+00  0.000000E+00 -0.232164E+00  0.779295E+00  0.000000E+00  0.000000E+00  0.000000E+00  0.604114E-05 -0.326436E-02
  0.453524E+00  0.000000E+00  0.127025E+00  0.935731E+00  0.000000E+00  0.431781E+00  0.114127E-05  0.233501E-04  0.303149E+00
  0.372932E+01  0.000000E+00  0.258430E+01  0.941828E+00  0.000000E+00  0.479799E+01  0.208343E-04  0.132648E-04  0.285427E+01
  0.376692E+01  0.000000E+00  0.209646E+01  0.940704E+00  0.000000E+00  0.405965E+01  0.119060E-04  0.101882E-04  0.236222E+01
  0.376342E+01  0.000000E+00  0.199143E+01  0.939628E+00  0.000000E+00  0.356727E+01  0.752949E-05  0.639282E-05  0.216852E+01
  0.199347E+01  0.000000E+00  0.514406E+00  0.830807E+00  0.000000E+00  0.113379E+01  0.126809E-05  0.112166E-05  0.653128E+00
  0.000000E+00  0.000000E+00 -0.140827E+00  0.829795E+00  0.000000E+00  0.000000E+00  0.000000E+00 -0.419410E-06 -0.323068E-02
  0.000000E+00  0.000000E+00 -0.145688E+00  0.828813E+00  0.000000E+00  0.000000E+00  0.000000E+00  0.444875E-06 -0.334414E-02
  0.000000E+00  0.000000E+00 -0.143733E+00  0.822491E+00  0.000000E+00  0.000000E+00  0.000000E+00 -0.166748E-06 -0.318012E-02
  0.000000E+00  0.000000E+00 -0.157206E+00  0.821478E+00  0.000000E+00  0.000000E+00  0.000000E+00 -0.152816E-06 -0.325368E-02
  0.000000E+00  0.000000E+00 -0.158502E+00  0.820560E+00  0.000000E+00  0.000000E+00  0.000000E+00  0.115108E-05 -0.342552E-02
  0.000000E+00  0.000000E+00 -0.156959E+00  0.819543E+00  0.000000E+00  0.000000E+00  0.000000E+00  0.436767E-05 -0.340112E-02
  0.000000E+00  0.000000E+00 -0.250861E+00  0.818555E+00  0.000000E+00  0.000000E+00  0.000000E+00  0.610212E-05 -0.341741E-02
  0.474502E+00  0.000000E+00  0.108919E+00  0.971319E+00  0.000000E+00  0.437556E+00  0.116322E-05  0.234299E-04  0.306466E+00
  0.383478E+01  0.000000E+00  0.257586E+01  0.974827E+00  0.000000E+00  0.484210E+01  0.210740E-04  0.129338E-04  0.287437E+01
  0.384799E+01  0.000000E+00  0.207579E+01  0.973429E+00  0.000000E+00  0.407951E+01  0.120148E-04  0.994184E-05  0.236852E+01
  0.384271E+01  0.000000E+00  0.198467E+01  0.971960E+00  0.000000E+00  0.358990E+01  0.761257E-05  0.620066E-05  0.217923E+01
  0.203192E+01  0.000000E+00  0.502901E+00  0.860505E+00  0.000000E+00  0.113661E+01  0.127559E-05  0.111001E-05  0.653748E+00
  0.000000E+00  0.000000E+00 -0.153019E+00  0.859084E+00  0.000000E+00  0.000000E+00  0.000000E+00 -0.410985E-06 -0.329253E-02
  0.000000E+00  0.000000E+00 -0.158421E+00  0.857717E+00  0.000000E+00  0.000000E+00  0.000000E+00  0.461387E-06 -0.339893E-02
  0.000000E+00  0.000000E+00 -0.156516E+00  0.850828E+00  0.000000E+00  0.000000E+00  0.000000E+00 -0.158940E-06 -0.324044E-02
  0.000000E+00  0.000000E+00 -0.171610E+00  0.849438E+00  0.000000E+00  0.000000E+00  0.000000E+00 -0.147023E-06 -0.329949E-02
  0.000000E+00  0.000000E+00 -0.173127E+00  0.848187E+00  0.000000E+00  0.000000E+00  0.000000E+00  0.116199E-05 -0.347204E-02
  0.000000E+00  0.000000E+00 -0.171517E+00  0.846809E+00  0.000000E+00  0.000000E+00  0.000000E+00  0.441631E-05 -0.344956E-02
  0.000000E+00  0.000000E+00 -0.273211E+00  0.845482E+00  0.000000E+00  0.000000E+00  0.000000E+00  0.614749E-05 -0.345925E-02
  0.483586E+00  0.000000E+00  0.952670E-01  0.100745E+01  0.000000E+00  0.441958E+00  0.117925E-05  0.235768E-04  0.308969E+00
  0.390219E+01  0.000000E+00  0.255792E+01  0.101115E+01  0.000000E+00  0.487185E+01  0.212784E-04  0.124463E-04  0.288820E+01
  0.391714E+01  0.000000E+00  0.205472E+01  0.100978E+01  0.000000E+00  0.410338E+01  0.121405E-04  0.961627E-05  0.237837E+01
  0.391439E+01  0.000000E+00  0.197724E+01  0.100839E+01  0.000000E+00  0.361497E+01  0.770600E-05  0.596744E-05  0.219164E+01
  0.206718E+01  0.000000E+00  0.491600E+00  0.894832E+00  0.000000E+00  0.114116E+01  0.128654E-05  0.110079E-05  0.655489E+00
  0.000000E+00  0.000000E+00 -0.164748E+00  0.893334E+00  0.000000E+00  0.000000E+00  0.000000E+00 -0.399657E-06 -0.337127E-02
  0.000000E+00  0.000000E+00 -0.170413E+00  0.891887E+00  0.000000E+00  0.000000E+00  0.000000E+00  0.481319E-06 -0.347670E-02
  0.000000E+00  0.000000E+00 -0.168369E+00  0.884700E+00  0.000000E+00  0.000000E+00  0.000000E+00 -0.150021E-06 -0.332380E-02
  0.000000E+00  0.000000E+00 -0.184939E+00  0.883222E+00  0.000000E+00  0.000000E+00  0.000000E+00 -0.139859E-06 -0.337515E-02
  0.000000E+00  0.000000E+00 -0.186354E+00  0.881841E+00  0.000000E+00  0.000000E+00  0.000000E+00  0.121008E-05 -0.355028E-02
  0.000000E+00  0.000000E+00 -0.184684E+00  0.880366E+00  0.000000E+00  0.000000E+00  0.000000E+00  0.457144E-05 -0.353450E-02
  0.000000E+00  0.000000E+00 -0.294134E+00  0.878942E+00  0.000000E+00  0.000000E+00  0.000000E+00  0.620195E-05 -0.353354E-02
  0.492410E+00  0.000000E+00  0.842049E-01  0.103930E+01  0.000000E+00  0.444813E+00  0.119253E-05  0.236565E-04  0.310357E+00
  0.393508E+01  0.000000E+00  0.253766E+01  0.104135E+01  0.000000E+00  0.489394E+01  0.214474E-04  0.118770E-04  0.289951E+01
  0.393883E+01  0.000000E+00  0.202997E+01  0.103978E+01  0.000000E+00  0.411639E+01  0.122347E-04  0.925556E-05  0.238490E+01
  0.393249E+01  0.000000E+00  0.196068E+01  0.103809E+01  0.000000E+00  0.362274E+01  0.776530E-05  0.572306E-05  0.219536E+01
  0.207162E+01  0.000000E+00  0.478071E+00  0.923895E+00  0.000000E+00  0.114055E+01  0.129327E-05  0.109158E-05  0.654900E+00
  0.000000E+00  0.000000E+00 -0.175801E+00  0.922352E+00  0.000000E+00  0.000000E+00  0.000000E+00 -0.387745E-06 -0.338437E-02
  0.000000E+00  0.000000E+00 -0.181574E+00  0.920864E+00  0.000000E+00  0.000000E+00  0.000000E+00  0.479801E-06 -0.348426E-02
  0.000000E+00  0.000000E+00 -0.179402E+00  0.913456E+00  0.000000E+00  0.000000E+00  0.000000E+00 -0.142332E-06 -0.334410E-02
  0.000000E+00  0.000000E+00 -0.197168E+00  0.911939E+00  0.000000E+00  0.000000E+00  0.000000E+00 -0.133456E-06 -0.338665E-02
  0.000000E+00  0.000000E+00 -0.198672E+00  0.910574E+00  0.000000E+00  0.000000E+00  0.000000E+00  0.118215E-05 -0.356381E-02
  0.000000E+00  0.000000E+00 -0.196668E+00  0.909070E+00  0.000000E+00  0.000000E+00  0.000000E+00  0.452559E-05 -0.355072E-02
  0.000000E+00  0.000000E+00 -0.313256E+00  0.907619E+00  0.000000E+00  0.000000E+00  0.000000E+00  0.624472E-05 -0.354702E-02
  0.490697E+00  0.000000E+00  0.643524E-01  0.104763E+01  0.000000E+00  0.440696E+00  0.118863E-05  0.236036E-04  0.307870E+00
  0.390640E+01  0.000000E+00  0.252543E+01  0.104828E+01  0.000000E+00  0.488686E+01  0.214285E-04  0.116572E-04  0.289686E+01
  0.390597E+01  0.000000E+00  0.202031E+01  0.104664E+01  0.000000E+00  0.411052E+01  0.122257E-04  0.910153E-05  0.238344E+01
  0.389898E+01  0.000000E+00  0.195388E+01  0.104494E+01  0.000000E+00  0.361828E+01  0.776230E-05  0.562673E-05  0.219392E+01
  0.207549E+01  0.000000E+00  0.481571E+00  0.931876E+00  0.000000E+00  0.114974E+01  0.130225E-05  0.111305E-05  0.661268E+00
  0.000000E+00  0.000000E+00 -0.177934E+00  0.930456E+00  0.000000E+00  0.000000E+00  0.000000E+00 -0.382403E-06 -0.334245E-02
  0.000000E+00  0.000000E+00 -0.183862E+00  0.929088E+00  0.000000E+00  0.000000E+00  0.000000E+00  0.505576E-06 -0.343730E-02
  0.000000E+00  0.000000E+00 -0.182146E+00  0.921752E+00  0.000000E+00  0.000000E+00  0.000000E+00 -0.139976E-06 -0.333575E-02
  0.000000E+00  0.000000E+00 -0.200767E+00  0.920357E+00  0.000000E+00  0.000000E+00  0.000000E+00 -0.130904E-06 -0.333797E-02
  0.000000E+00  0.000000E+00 -0.202556E+00  0.919102E+00  0.000000E+00  0.000000E+00  0.000000E+00  0.118234E-05 -0.352601E-02
  0.000000E+00  0.000000E+00 -0.200440E+00  0.917717E+00  0.000000E+00  0.000000E+00  0.000000E+00  0.453778E-05 -0.350005E-02
  0.000000E+00  0.000000E+00 -0.319627E+00  0.916382E+00  0.000000E+00  0.000000E+00  0.000000E+00  0.625526E-05 -0.349759E-02
  0.486498E+00  0.000000E+00  0.588813E-01  0.103210E+01  0.000000E+00  0.439251E+00  0.118627E-05  0.234877E-04  0.307185E+00
  0.384312E+01  0.000000E+00  0.253396E+01  0.103195E+01  0.000000E+00  0.487201E+01  0.213206E-04  0.118467E-04  0.289241E+01
  0.384719E+01  0.000000E+00  0.203368E+01  0.103043E+01  0.000000E+00  0.410499E+01  0.121767E-04  0.919304E-05  0.238470E+01
  0.384045E+01  0.000000E+00  0.195822E+01  0.102889E+01  0.000000E+00  0.360934E+01  0.772275E-05  0.569396E-05  0.219102E+01
  0.204392E+01  0.000000E+00  0.485068E+00  0.917544E+00  0.000000E+00  0.114700E+01  0.129777E-05  0.110679E-05  0.660405E+00
  0.000000E+00  0.000000E+00 -0.173717E+00  0.916238E+00  0.000000E+00  0.000000E+00  0.000000E+00 -0.384898E-06 -0.327550E-02
  0.000000E+00  0.000000E+00 -0.179883E+00  0.914979E+00  0.000000E+00  0.000000E+00  0.000000E+00  0.500295E-06 -0.336820E-02
  0.000000E+00  0.000000E+00 -0.178764E+00  0.907846E+00  0.000000E+00  0.000000E+00  0.000000E+00 -0.142389E-06 -0.328275E-02
  0.000000E+00  0.000000E+00 -0.199841E+00  0.906563E+00  0.000000E+00  0.000000E+00  0.000000E+00 -0.133288E-06 -0.327310E-02
  0.000000E+00  0.000000E+00 -0.201696E+00  0.905409E+00  0.000000E+00  0.000000E+00  0.000000E+00  0.117922E-05 -0.346256E-02
  0.000000E+00  0.000000E+00 -0.199770E+00  0.904135E+00  0.000000E+00  0.000000E+00  0.000000E+00  0.452453E-05 -0.343312E-02
  0.000000E+00  0.000000E+00 -0.318922E+00  0.902906E+00  0.000000E+00  0.000000E+00  0.000000E+00  0.624520E-05 -0.343200E-02
  0.478332E+00  0.000000E+00  0.581669E-01  0.101712E+01  0.000000E+00  0.437224E+00  0.117906E-05  0.234639E-04  0.306362E+00
  0.379153E+01  0.000000E+00  0.252944E+01  0.101701E+01  0.000000E+00  0.485765E+01  0.212165E-04  0.120204E-04  0.288710E+01
  0.379260E+01  0.000000E+00  0.203166E+01  0.101566E+01  0.000000E+00  0.409446E+01  0.121164E-04  0.929756E-05  0.238236E+01
  0.378683E+01  0.000000E+00  0.195258E+01  0.101433E+01  0.000000E+00  0.359672E+01  0.767993E-05  0.577862E-05  0.218541E+01
  0.200735E+01  0.000000E+00  0.481196E+00  0.904673E+00  0.000000E+00  0.114086E+01  0.128900E-05  0.110345E-05  0.657200E+00
  0.000000E+00  0.000000E+00 -0.174194E+00  0.903525E+00  0.000000E+00  0.000000E+00  0.000000E+00 -0.388647E-06 -0.325641E-02
  0.000000E+00  0.000000E+00 -0.180401E+00  0.902415E+00  0.000000E+00  0.000000E+00  0.000000E+00  0.494070E-06 -0.334665E-02
  0.000000E+00  0.000000E+00 -0.179538E+00  0.895510E+00  0.000000E+00  0.000000E+00  0.000000E+00 -0.145158E-06 -0.327160E-02
  0.000000E+00  0.000000E+00 -0.202381E+00  0.894372E+00  0.000000E+00  0.000000E+00  0.000000E+00 -0.135849E-06 -0.325796E-02
  0.000000E+00  0.000000E+00 -0.204264E+00  0.893309E+00  0.000000E+00  0.000000E+00  0.000000E+00  0.121195E-05 -0.345008E-02
  0.000000E+00  0.000000E+00 -0.202370E+00  0.892172E+00  0.000000E+00  0.000000E+00  0.000000E+00  0.460777E-05 -0.341735E-02
  0.000000E+00  0.000000E+00 -0.323301E+00  0.891073E+00  0.000000E+00  0.000000E+00  0.000000E+00  0.623976E-05 -0.341626E-02
  0.478990E+00  0.000000E+00  0.613394E-01  0.100589E+01  0.000000E+00  0.444260E+00  0.119030E-05  0.236190E-04  0.310807E+00
  0.375299E+01  0.000000E+00  0.252518E+01  0.100613E+01  0.000000E+00  0.485146E+01  0.211610E-04  0.121476E-04  0.288637E+01
  0.375653E+01  0.000000E+00  0.202780E+01  0.100484E+01  0.000000E+00  0.409041E+01  0.120833E-04  0.938052E-05  0.238274E+01
  0.375121E+01  0.000000E+00  0.194494E+01  0.100358E+01  0.000000E+00  0.358727E+01  0.765546E-05  0.585002E-05  0.218107E+01
  0.209940E+01  0.000000E+00  0.493914E+00  0.894996E+00  0.000000E+00  0.116779E+01  0.130485E-05  0.112374E-05  0.674758E+00
  0.000000E+00  0.000000E+00 -0.175944E+00  0.893914E+00  0.000000E+00  0.000000E+00  0.000000E+00 -0.391315E-06 -0.321877E-02
  0.000000E+00  0.000000E+00 -0.182178E+00  0.892867E+00  0.000000E+00  0.000000E+00  0.000000E+00  0.469489E-06 -0.330075E-02
  0.000000E+00  0.000000E+00 -0.181801E+00  0.886089E+00  0.000000E+00  0.000000E+00  0.000000E+00 -0.147022E-06 -0.325894E-02
  0.000000E+00  0.000000E+00 -0.206213E+00  0.885018E+00  0.000000E+00  0.000000E+00  0.000000E+00 -0.138199E-06 -0.321824E-02
  0.000000E+00  0.000000E+00 -0.208663E+00  0.884053E+00  0.000000E+00  0.000000E+00  0.000000E+00  0.117469E-05 -0.341979E-02
  0.000000E+00  0.000000E+00 -0.206554E+00  0.882985E+00  0.000000E+00  0.000000E+00  0.000000E+00  0.450465E-05 -0.338057E-02
  0.000000E+00  0.000000E+00 -0.330284E+00  0.881954E+00  0.000000E+00  0.000000E+00  0.000000E+00  0.623080E-05 -0.338106E-02
  0.468215E+00  0.000000E+00  0.442785E-01  0.993698E+00  0.000000E+00  0.435910E+00  0.116845E-05  0.235301E-04  0.305939E+00
  0.370967E+01  0.000000E+00  0.251245E+01  0.993648E+00  0.000000E+00  0.484056E+01  0.210653E-04  0.123332E-04  0.288293E+01
  0.371321E+01  0.000000E+00  0.202198E+01  0.992435E+00  0.000000E+00  0.408748E+01  0.120437E-04  0.944571E-05  0.238457E+01
  0.370844E+01  0.000000E+00  0.194034E+01  0.991250E+00  0.000000E+00  0.358424E+01  0.762516E-05  0.591358E-05  0.218139E+01
  0.206886E+01  0.000000E+00  0.489693E+00  0.883924E+00  0.000000E+00  0.116630E+01  0.130028E-05  0.113633E-05  0.674471E+00
  0.000000E+00  0.000000E+00 -0.179069E+00  0.882877E+00  0.000000E+00  0.000000E+00  0.000000E+00 -0.394201E-06 -0.317502E-02
  0.000000E+00  0.000000E+00 -0.185502E+00  0.881865E+00  0.000000E+00  0.000000E+00  0.000000E+00  0.484560E-06 -0.325774E-02
  0.000000E+00  0.000000E+00 -0.185233E+00  0.875193E+00  0.000000E+00  0.000000E+00  0.000000E+00 -0.148862E-06 -0.322269E-02
  0.000000E+00  0.000000E+00 -0.211427E+00  0.874158E+00  0.000000E+00  0.000000E+00  0.000000E+00 -0.140138E-06 -0.318090E-02
  0.000000E+00  0.000000E+00 -0.213965E+00  0.873225E+00  0.000000E+00  0.000000E+00  0.000000E+00  0.117182E-05 -0.338161E-02
  0.000000E+00  0.000000E+00 -0.211695E+00  0.872193E+00  0.000000E+00  0.000000E+00  0.000000E+00  0.449316E-05 -0.333676E-02
  0.000000E+00  0.000000E+00 -0.338518E+00  0.871197E+00  0.000000E+00  0.000000E+00  0.000000E+00  0.622034E-05 -0.333783E-02
  0.462927E+00  0.000000E+00  0.379045E-01  0.975933E+00  0.000000E+00  0.435320E+00  0.116527E-05  0.235879E-04  0.305826E+00
  0.364686E+01  0.000000E+00  0.248358E+01  0.975043E+00  0.000000E+00  0.480281E+01  0.208700E-04  0.124960E-04  0.286298E+01
  0.364331E+01  0.000000E+00  0.199423E+01  0.973893E+00  0.000000E+00  0.404914E+01  0.119100E-04  0.962788E-05  0.236532E+01
  0.363882E+01  0.000000E+00  0.191276E+01  0.972764E+00  0.000000E+00  0.354551E+01  0.753430E-05  0.604844E-05  0.215941E+01
  0.202914E+01  0.000000E+00  0.480179E+00  0.867485E+00  0.000000E+00  0.115613E+01  0.128714E-05  0.113369E-05  0.669283E+00
  0.000000E+00  0.000000E+00 -0.182966E+00  0.866495E+00  0.000000E+00  0.000000E+00  0.000000E+00 -0.397910E-06 -0.310604E-02
  0.000000E+00  0.000000E+00 -0.189469E+00  0.865538E+00  0.000000E+00  0.000000E+00  0.000000E+00  0.474449E-06 -0.318210E-02
  0.000000E+00  0.000000E+00 -0.189425E+00  0.859024E+00  0.000000E+00  0.000000E+00  0.000000E+00 -0.152457E-06 -0.316964E-02
  0.000000E+00  0.000000E+00 -0.217316E+00  0.858045E+00  0.000000E+00  0.000000E+00  0.000000E+00 -0.142369E-06 -0.310530E-02
  0.000000E+00  0.000000E+00 -0.219871E+00  0.857161E+00  0.000000E+00  0.000000E+00  0.000000E+00  0.116219E-05 -0.330967E-02
  0.000000E+00  0.000000E+00 -0.217565E+00  0.856183E+00  0.000000E+00  0.000000E+00  0.000000E+00  0.445712E-05 -0.326091E-02
  0.000000E+00  0.000000E+00 -0.346757E+00  0.855238E+00  0.000000E+00  0.000000E+00  0.000000E+00  0.618654E-05 -0.326228E-02
  0.451101E+00  0.000000E+00  0.256208E-01  0.958417E+00  0.000000E+00  0.426179E+00  0.114112E-05  0.235647E-04  0.299919E+00
  0.358235E+01  0.000000E+00  0.244885E+01  0.957666E+00  0.000000E+00  0.475306E+01  0.206427E-04  0.126760E-04  0.283554E+01
  0.357953E+01  0.000000E+00  0.196817E+01  0.956569E+00  0.000000E+00  0.401247E+01  0.117844E-04  0.980179E-05  0.234650E+01
  0.357513E+01  0.000000E+00  0.188631E+01  0.955490E+00  0.000000E+00  0.350820E+01  0.744647E-05  0.618121E-05  0.213795E+01
  0.199289E+01  0.000000E+00  0.469914E+00  0.852074E+00  0.000000E+00  0.114480E+01  0.127275E-05  0.113679E-05  0.663166E+00
  0.000000E+00  0.000000E+00 -0.186287E+00  0.851127E+00  0.000000E+00  0.000000E+00  0.000000E+00 -0.401345E-06 -0.305059E-02
  0.000000E+00  0.000000E+00 -0.192894E+00  0.850212E+00  0.000000E+00  0.000000E+00  0.000000E+00  0.464689E-06 -0.312590E-02
  0.000000E+00  0.000000E+00 -0.192915E+00  0.843839E+00  0.000000E+00  0.000000E+00  0.000000E+00 -0.156160E-06 -0.311535E-02
  0.000000E+00  0.000000E+00 -0.222476E+00  0.842901E+00  0.000000E+00  0.000000E+00  0.000000E+00 -0.144293E-06 -0.305056E-02
  0.000000E+00  0.000000E+00 -0.225078E+00  0.842025E+00  0.000000E+00  0.000000E+00  0.000000E+00  0.118829E-05 -0.325240E-02
  0.000000E+00  0.000000E+00 -0.222561E+00  0.841090E+00  0.000000E+00  0.000000E+00  0.000000E+00  0.451512E-05 -0.320220E-02
  0.000000E+00  0.000000E+00 -0.354965E+00  0.840186E+00  0.000000E+00  0.000000E+00  0.000000E+00  0.615253E-05 -0.320345E-02
  0.452848E+00  0.000000E+00  0.220616E-01  0.942093E+00  0.000000E+00  0.433878E+00  0.115436E-05  0.234242E-04  0.304841E+00
  0.352370E+01  0.000000E+00  0.241689E+01  0.941484E+00  0.000000E+00  0.471041E+01  0.204254E-04  0.129049E-04  0.281250E+01
  0.352174E+01  0.000000E+00  0.194267E+01  0.940434E+00  0.000000E+00  0.397829E+01  0.116676E-04  0.997659E-05  0.232899E+01
  0.351756E+01  0.000000E+00  0.185835E+01  0.939397E+00  0.000000E+00  0.346944E+01  0.736374E-05  0.631343E-05  0.211526E+01
  0.196001E+01  0.000000E+00  0.459135E+00  0.837671E+00  0.000000E+00  0.113277E+01  0.125890E-05  0.114304E-05  0.656541E+00
  0.000000E+00  0.000000E+00 -0.189791E+00  0.836766E+00  0.000000E+00  0.000000E+00  0.000000E+00 -0.406765E-06 -0.299533E-02
  0.000000E+00  0.000000E+00 -0.196493E+00  0.835891E+00  0.000000E+00  0.000000E+00  0.000000E+00  0.435796E-06 -0.306812E-02
  0.000000E+00  0.000000E+00 -0.196484E+00  0.829650E+00  0.000000E+00  0.000000E+00  0.000000E+00 -0.159806E-06 -0.305297E-02
  0.000000E+00  0.000000E+00 -0.227954E+00  0.828754E+00  0.000000E+00  0.000000E+00  0.000000E+00 -0.146563E-06 -0.299661E-02
  0.000000E+00  0.000000E+00 -0.230706E+00  0.827946E+00  0.000000E+00  0.000000E+00  0.000000E+00  0.114343E-05 -0.319477E-02
  0.000000E+00  0.000000E+00 -0.228069E+00  0.827052E+00  0.000000E+00  0.000000E+00  0.000000E+00  0.438759E-05 -0.314879E-02
  0.000000E+00  0.000000E+00 -0.362842E+00  0.826188E+00  0.000000E+00  0.000000E+00  0.000000E+00  0.611832E-05 -0.315061E-02
  0.436224E+00  0.000000E+00  0.135537E-02  0.927155E+00  0.000000E+00  0.417712E+00  0.111477E-05  0.232820E-04  0.294604E+00
  0.347264E+01  0.000000E+00  0.238629E+01  0.926714E+00  0.000000E+00  0.467056E+01  0.202328E-04  0.131037E-04  0.279064E+01
  0.347173E+01  0.000000E+00  0.192111E+01  0.925707E+00  0.000000E+00  0.395110E+01  0.115629E-04  0.101400E-04  0.231531E+01
  0.346786E+01  0.000000E+00  0.183891E+01  0.924709E+00  0.000000E+00  0.344400E+01  0.729168E-05  0.643374E-05  0.210095E+01
  0.193106E+01  0.000000E+00  0.450884E+00  0.824425E+00  0.000000E+00  0.112471E+01  0.124630E-05  0.114713E-05  0.652259E+00
  0.000000E+00  0.000000E+00 -0.192044E+00  0.823541E+00  0.000000E+00  0.000000E+00  0.000000E+00 -0.407937E-06 -0.294557E-02
  0.000000E+00  0.000000E+00 -0.199039E+00  0.822687E+00  0.000000E+00  0.000000E+00  0.000000E+00  0.447150E-06 -0.302409E-02
  0.000000E+00  0.000000E+00 -0.198892E+00  0.816550E+00  0.000000E+00  0.000000E+00  0.000000E+00 -0.162865E-06 -0.299631E-02
  0.000000E+00  0.000000E+00 -0.232069E+00  0.815674E+00  0.000000E+00  0.000000E+00  0.000000E+00 -0.148346E-06 -0.295252E-02
  0.000000E+00  0.000000E+00 -0.234935E+00  0.814884E+00  0.000000E+00  0.000000E+00  0.000000E+00  0.113491E-05 -0.314541E-02
  0.000000E+00  0.000000E+00 -0.232346E+00  0.814011E+00  0.000000E+00  0.000000E+00  0.000000E+00  0.435400E-05 -0.310249E-02
  0.000000E+00  0.000000E+00 -0.370970E+00  0.813167E+00  0.000000E+00  0.000000E+00  0.000000E+00  0.608383E-05 -0.310440E-02
  0.429904E+00  0.000000E+00 -0.660593E-02  0.912758E+00  0.000000E+00  0.413962E+00  0.110319E-05  0.232390E-04  0.292047E+00
  0.342474E+01  0.000000E+00  0.235281E+01  0.912376E+00  0.000000E+00  0.462682E+01  0.200350E-04  0.132749E-04  0.276569E+01
  0.342433E+01  0.000000E+00  0.189374E+01  0.911394E+00  0.000000E+00  0.391655E+01  0.114501E-04  0.102975E-04  0.229649E+01
  0.342051E+01  0.000000E+00  0.181377E+01  0.910421E+00  0.000000E+00  0.341121E+01  0.721776E-05  0.654761E-05  0.208166E+01
  0.190411E+01  0.000000E+00  0.440652E+00  0.811517E+00  0.000000E+00  0.111472E+01  0.123379E-05  0.115139E-05  0.646747E+00
  0.000000E+00  0.000000E+00 -0.195912E+00  0.810658E+00  0.000000E+00  0.000000E+00  0.000000E+00 -0.410989E-06 -0.290465E-02
  0.000000E+00  0.000000E+00 -0.203019E+00  0.809827E+00  0.000000E+00  0.000000E+00  0.000000E+00  0.438952E-06 -0.298260E-02
  0.000000E+00  0.000000E+00 -0.202852E+00  0.803796E+00  0.000000E+00  0.000000E+00  0.000000E+00 -0.165983E-06 -0.295275E-02
  0.000000E+00  0.000000E+00 -0.237809E+00  0.802945E+00  0.000000E+00  0.000000E+00  0.000000E+00 -0.150037E-06 -0.291365E-02
  0.000000E+00  0.000000E+00 -0.240695E+00  0.802177E+00  0.000000E+00  0.000000E+00  0.000000E+00  0.112702E-05 -0.310218E-02
  0.000000E+00  0.000000E+00 -0.238010E+00  0.801328E+00  0.000000E+00  0.000000E+00  0.000000E+00  0.432346E-05 -0.306090E-02
  0.000000E+00  0.000000E+00 -0.379820E+00  0.800507E+00  0.000000E+00  0.000000E+00  0.000000E+00  0.605318E-05 -0.306288E-02
  0.424027E+00  0.000000E+00 -0.218615E-01  0.899280E+00  0.000000E+00  0.410038E+00  0.109120E-05  0.230330E-04  0.289587E+00
  0.338167E+01  0.000000E+00  0.232119E+01  0.899020E+00  0.000000E+00  0.458778E+01  0.198465E-04  0.134644E-04  0.274378E+01
  0.338183E+01  0.000000E+00  0.186963E+01  0.898064E+00  0.000000E+00  0.388727E+01  0.113487E-04  0.104391E-04  0.228091E+01
  0.337814E+01  0.000000E+00  0.179083E+01  0.897118E+00  0.000000E+00  0.338163E+01  0.714896E-05  0.665881E-05  0.206426E+01
  0.187987E+01  0.000000E+00  0.431235E+00  0.799452E+00  0.000000E+00  0.110545E+01  0.122184E-05  0.115519E-05  0.641622E+00
  0.000000E+00  0.000000E+00 -0.198980E+00  0.798618E+00  0.000000E+00  0.000000E+00  0.000000E+00 -0.413154E-06 -0.285919E-02
  0.000000E+00  0.000000E+00 -0.206210E+00  0.797811E+00  0.000000E+00  0.000000E+00  0.000000E+00  0.431403E-06 -0.293949E-02
  0.000000E+00  0.000000E+00 -0.205984E+00  0.791880E+00  0.000000E+00  0.000000E+00  0.000000E+00 -0.168838E-06 -0.290430E-02
  0.000000E+00  0.000000E+00 -0.242757E+00  0.791053E+00  0.000000E+00  0.000000E+00  0.000000E+00 -0.151413E-06 -0.287280E-02
  0.000000E+00  0.000000E+00 -0.245518E+00  0.790281E+00  0.000000E+00  0.000000E+00  0.000000E+00  0.115498E-05 -0.305559E-02
  0.000000E+00  0.000000E+00 -0.242809E+00  0.789456E+00  0.000000E+00  0.000000E+00  0.000000E+00  0.438685E-05 -0.301526E-02
  0.000000E+00  0.000000E+00 -0.387946E+00  0.788659E+00  0.000000E+00  0.000000E+00  0.000000E+00  0.602605E-05 -0.301689E-02
  0.427844E+00  0.000000E+00 -0.232235E-01  0.887052E+00  0.000000E+00  0.418549E+00  0.110681E-05  0.229858E-04  0.294939E+00
  0.334527E+01  0.000000E+00  0.229259E+01  0.886987E+00  0.000000E+00  0.455361E+01  0.196785E-04  0.136358E-04  0.272429E+01
  0.334683E+01  0.000000E+00  0.184566E+01  0.886057E+00  0.000000E+00  0.385907E+01  0.112587E-04  0.105736E-04  0.226530E+01
  0.334330E+01  0.000000E+00  0.176731E+01  0.885135E+00  0.000000E+00  0.335175E+01  0.708803E-05  0.675699E-05  0.204625E+01
  0.185964E+01  0.000000E+00  0.421310E+00  0.788482E+00  0.000000E+00  0.109566E+01  0.121117E-05  0.116648E-05  0.636012E+00
  0.000000E+00  0.000000E+00 -0.203759E+00  0.787665E+00  0.000000E+00  0.000000E+00  0.000000E+00 -0.417739E-06 -0.283665E-02
  0.000000E+00  0.000000E+00 -0.211048E+00  0.786874E+00  0.000000E+00  0.000000E+00  0.000000E+00  0.404848E-06 -0.290873E-02
  0.000000E+00  0.000000E+00 -0.210984E+00  0.781029E+00  0.000000E+00  0.000000E+00  0.000000E+00 -0.171600E-06 -0.288432E-02
  0.000000E+00  0.000000E+00 -0.249191E+00  0.780220E+00  0.000000E+00  0.000000E+00  0.000000E+00 -0.152896E-06 -0.284512E-02
  0.000000E+00  0.000000E+00 -0.252155E+00  0.779489E+00  0.000000E+00  0.000000E+00  0.000000E+00  0.111221E-05 -0.302880E-02
  0.000000E+00  0.000000E+00 -0.249234E+00  0.778682E+00  0.000000E+00  0.000000E+00  0.000000E+00  0.426733E-05 -0.298739E-02
  0.000000E+00  0.000000E+00 -0.396180E+00  0.777901E+00  0.000000E+00  0.000000E+00  0.000000E+00  0.599923E-05 -0.298955E-02
  0.414355E+00  0.000000E+00 -0.348055E-01  0.876164E+00  0.000000E+00  0.403718E+00  0.107259E-05  0.229821E-04  0.285140E+00
  0.331595E+01  0.000000E+00  0.226831E+01  0.876270E+00  0.000000E+00  0.452073E+01  0.195652E-04  0.136641E-04  0.270501E+01
  0.331838E+01  0.000000E+00  0.182706E+01  0.875353E+00  0.000000E+00  0.383774E+01  0.111854E-04  0.106917E-04  0.225362E+01
  0.331508E+01  0.000000E+00  0.175219E+01  0.874449E+00  0.000000E+00  0.333431E+01  0.703848E-05  0.684880E-05  0.203622E+01
  0.184282E+01  0.000000E+00  0.413844E+00  0.778617E+00  0.000000E+00  0.109012E+01  0.120154E-05  0.116756E-05  0.632981E+00
  0.000000E+00  0.000000E+00 -0.207380E+00  0.777811E+00  0.000000E+00  0.000000E+00  0.000000E+00 -0.419168E-06 -0.281310E-02
  0.000000E+00  0.000000E+00 -0.214906E+00  0.777031E+00  0.000000E+00  0.000000E+00  0.000000E+00  0.418068E-06 -0.288646E-02
  0.000000E+00  0.000000E+00 -0.214758E+00  0.771259E+00  0.000000E+00  0.000000E+00  0.000000E+00 -0.173752E-06 -0.285825E-02
  0.000000E+00  0.000000E+00 -0.254281E+00  0.770460E+00  0.000000E+00  0.000000E+00  0.000000E+00 -0.154113E-06 -0.282103E-02
  0.000000E+00  0.000000E+00 -0.257345E+00  0.769740E+00  0.000000E+00  0.000000E+00  0.000000E+00  0.110631E-05 -0.300305E-02
  0.000000E+00  0.000000E+00 -0.254396E+00  0.768943E+00  0.000000E+00  0.000000E+00  0.000000E+00  0.424269E-05 -0.296254E-02
  0.000000E+00  0.000000E+00 -0.404977E+00  0.768173E+00  0.000000E+00  0.000000E+00  0.000000E+00  0.597149E-05 -0.296484E-02
  0.410695E+00  0.000000E+00 -0.475054E-01  0.865998E+00  0.000000E+00  0.400901E+00  0.106323E-05  0.227710E-04  0.283401E+00
  0.329044E+01  0.000000E+00  0.224272E+01  0.866200E+00  0.000000E+00  0.449319E+01  0.194314E-04  0.137992E-04  0.268922E+01
  0.329342E+01  0.000000E+00  0.180336E+01  0.865299E+00  0.000000E+00  0.381214E+01  0.111014E-04  0.108146E-04  0.223867E+01
  0.329010E+01  0.000000E+00  0.173273E+01  0.864408E+00  0.000000E+00  0.331162E+01  0.698654E-05  0.693328E-05  0.202251E+01
  0.182848E+01  0.000000E+00  0.405015E+00  0.769307E+00  0.000000E+00  0.108266E+01  0.119175E-05  0.116859E-05  0.628703E+00
  0.000000E+00  0.000000E+00 -0.210828E+00  0.768515E+00  0.000000E+00  0.000000E+00  0.000000E+00 -0.420375E-06 -0.278672E-02
  0.000000E+00  0.000000E+00 -0.218519E+00  0.767750E+00  0.000000E+00  0.000000E+00  0.000000E+00  0.412039E-06 -0.286439E-02
  0.000000E+00  0.000000E+00 -0.218227E+00  0.762050E+00  0.000000E+00  0.000000E+00  0.000000E+00 -0.176179E-06 -0.282596E-02
  0.000000E+00  0.000000E+00 -0.259609E+00  0.761266E+00  0.000000E+00  0.000000E+00  0.000000E+00 -0.155097E-06 -0.279993E-02
  0.000000E+00  0.000000E+00 -0.262646E+00  0.760558E+00  0.000000E+00  0.000000E+00  0.000000E+00  0.110028E-05 -0.297613E-02
  0.000000E+00  0.000000E+00 -0.259666E+00  0.759775E+00  0.000000E+00  0.000000E+00  0.000000E+00  0.421798E-05 -0.294046E-02
  0.000000E+00  0.000000E+00 -0.413625E+00  0.759018E+00  0.000000E+00  0.000000E+00  0.000000E+00  0.594686E-05 -0.294274E-02
  0.407583E+00  0.000000E+00 -0.545644E-01  0.857054E+00  0.000000E+00  0.398105E+00  0.105581E-05  0.228306E-04  0.281296E+00
  0.327131E+01  0.000000E+00  0.222000E+01  0.857436E+00  0.000000E+00  0.446832E+01  0.193269E-04  0.138703E-04  0.267444E+01
  0.327502E+01  0.000000E+00  0.178299E+01  0.856549E+00  0.000000E+00  0.379171E+01  0.110363E-04  0.109173E-04  0.222676E+01
  0.327183E+01  0.000000E+00  0.171579E+01  0.855674E+00  0.000000E+00  0.329323E+01  0.694354E-05  0.700670E-05  0.201133E+01
  0.183840E+01  0.000000E+00  0.403513E+00  0.761107E+00  0.000000E+00  0.108728E+01  0.119433E-05  0.118601E-05  0.631978E+00
  0.000000E+00  0.000000E+00 -0.215145E+00  0.760326E+00  0.000000E+00  0.000000E+00  0.000000E+00 -0.422413E-06 -0.277550E-02
  0.000000E+00  0.000000E+00 -0.222901E+00  0.759572E+00  0.000000E+00  0.000000E+00  0.000000E+00  0.407010E-06 -0.285151E-02
  0.000000E+00  0.000000E+00 -0.222594E+00  0.753934E+00  0.000000E+00  0.000000E+00  0.000000E+00 -0.178059E-06 -0.281152E-02
  0.000000E+00  0.000000E+00 -0.265442E+00  0.753161E+00  0.000000E+00  0.000000E+00  0.000000E+00 -0.155649E-06 -0.278403E-02
  0.000000E+00  0.000000E+00 -0.268392E+00  0.752438E+00  0.000000E+00  0.000000E+00  0.000000E+00  0.113160E-05 -0.295981E-02
  0.000000E+00  0.000000E+00 -0.265345E+00  0.751666E+00  0.000000E+00  0.000000E+00  0.000000E+00  0.428972E-05 -0.292200E-02
  0.000000E+00  0.000000E+00 -0.422558E+00  0.750920E+00  0.000000E+00  0.000000E+00  0.000000E+00  0.592758E-05 -0.292412E-02
  0.414043E+00  0.000000E+00 -0.553241E-01  0.849900E+00  0.000000E+00  0.407456E+00  0.107488E-05  0.227724E-04  0.287118E+00
  0.326112E+01  0.000000E+00  0.219900E+01  0.850574E+00  0.000000E+00  0.444790E+01  0.192365E-04  0.139410E-04  0.266177E+01
  0.326691E+01  0.000000E+00  0.176319E+01  0.849698E+00  0.000000E+00  0.377336E+01  0.109827E-04  0.110058E-04  0.221527E+01
  0.326389E+01  0.000000E+00  0.169819E+01  0.848838E+00  0.000000E+00  0.327469E+01  0.690964E-05  0.707046E-05  0.199941E+01
  0.183334E+01  0.000000E+00  0.394231E+00  0.754508E+00  0.000000E+00  0.107969E+01  0.118519E-05  0.118335E-05  0.627313E+00
  0.000000E+00  0.000000E+00 -0.219437E+00  0.753737E+00  0.000000E+00  0.000000E+00  0.000000E+00 -0.424675E-06 -0.276689E-02
  0.000000E+00  0.000000E+00 -0.227372E+00  0.752992E+00  0.000000E+00  0.000000E+00  0.000000E+00  0.383724E-06 -0.284358E-02
  0.000000E+00  0.000000E+00 -0.226960E+00  0.747406E+00  0.000000E+00  0.000000E+00  0.000000E+00 -0.179694E-06 -0.279595E-02
  0.000000E+00  0.000000E+00 -0.271333E+00  0.746642E+00  0.000000E+00  0.000000E+00  0.000000E+00 -0.156346E-06 -0.277771E-02
  0.000000E+00  0.000000E+00 -0.274414E+00  0.745953E+00  0.000000E+00  0.000000E+00  0.000000E+00  0.109148E-05 -0.294915E-02
  0.000000E+00  0.000000E+00 -0.271300E+00  0.745191E+00  0.000000E+00  0.000000E+00  0.000000E+00  0.417927E-05 -0.291788E-02
  0.000000E+00  0.000000E+00 -0.431342E+00  0.744455E+00  0.000000E+00  0.000000E+00  0.000000E+00  0.590649E-05 -0.292021E-02
  0.310762E+00  0.000000E+00 -0.141963E+00  0.842428E+00  0.000000E+00  0.281055E+00  0.763645E-06  0.231559E-04  0.206871E+00
  0.325651E+01  0.000000E+00  0.218133E+01  0.843183E+00  0.000000E+00  0.442704E+01  0.191760E-04  0.139049E-04  0.264830E+01
  0.326209E+01  0.000000E+00  0.174889E+01  0.842316E+00  0.000000E+00  0.376095E+01  0.109415E-04  0.110853E-04  0.220757E+01
  0.325880E+01  0.000000E+00  0.168892E+01  0.841457E+00  0.000000E+00  0.326740E+01  0.688288E-05  0.713016E-05  0.199494E+01
  0.182956E+01  0.000000E+00  0.388380E+00  0.747279E+00  0.000000E+00  0.107684E+01  0.117822E-05  0.118233E-05  0.625623E+00
  0.000000E+00  0.000000E+00 -0.222835E+00  0.746516E+00  0.000000E+00  0.000000E+00  0.000000E+00 -0.425695E-06 -0.276170E-02
  0.000000E+00  0.000000E+00 -0.231023E+00  0.745779E+00  0.000000E+00  0.000000E+00  0.000000E+00  0.397709E-06 -0.284161E-02
  0.000000E+00  0.000000E+00 -0.230416E+00  0.740247E+00  0.000000E+00  0.000000E+00  0.000000E+00 -0.181496E-06 -0.278499E-02
  0.000000E+00  0.000000E+00 -0.276061E+00  0.739491E+00  0.000000E+00  0.000000E+00  0.000000E+00 -0.156954E-06 -0.277380E-02
  0.000000E+00  0.000000E+00 -0.279186E+00  0.738809E+00  0.000000E+00  0.000000E+00  0.000000E+00  0.108681E-05 -0.294151E-02
  0.000000E+00  0.000000E+00 -0.276114E+00  0.738055E+00  0.000000E+00  0.000000E+00  0.000000E+00  0.415706E-05 -0.291418E-02
  0.000000E+00  0.000000E+00 -0.439839E+00  0.737325E+00  0.000000E+00  0.000000E+00  0.000000E+00  0.588109E-05 -0.291662E-02
  0.403538E+00  0.000000E+00 -0.845425E-01  0.836440E+00  0.000000E+00  0.392736E+00  0.103818E-05  0.225248E-04  0.277618E+00
  0.325863E+01  0.000000E+00  0.215944E+01  0.837470E+00  0.000000E+00  0.441276E+01  0.190789E-04  0.141112E-04  0.263888E+01
  0.326650E+01  0.000000E+00  0.173058E+01  0.836541E+00  0.000000E+00  0.374711E+01  0.108932E-04  0.111728E-04  0.219811E+01
  0.326239E+01  0.000000E+00  0.167771E+01  0.835612E+00  0.000000E+00  0.325861E+01  0.686200E-05  0.718261E-05  0.198927E+01
  0.183102E+01  0.000000E+00  0.380250E+00  0.741312E+00  0.000000E+00  0.107093E+01  0.116916E-05  0.118021E-05  0.621795E+00
  0.000000E+00  0.000000E+00 -0.227352E+00  0.740505E+00  0.000000E+00  0.000000E+00  0.000000E+00 -0.427432E-06 -0.275211E-02
  0.000000E+00  0.000000E+00 -0.235726E+00  0.739723E+00  0.000000E+00  0.000000E+00  0.000000E+00  0.393198E-06 -0.283077E-02
