  0.448286E-01 -0.248443E-05  0.420131E-02  0.000000E+00  0.000000E+00 -0.149496E-06
  0.448068E-01 -0.154742E-04  0.419681E-02  0.000000E+00  0.000000E+00  0.149427E-05
  0.447356E-01 -0.566003E-04  0.418817E-02  0.000000E+00  0.000000E+00  0.240333E-05
  0.445346E-01 -0.364671E-03  0.415134E-02  0.000000E+00  0.000000E+00  0.316594E-05
  0.437706E-01 -0.791694E-03  0.406457E-02  0.000000E+00  0.000000E+00  0.150526E-05
  0.440115E-01  0.228933E-01  0.533436E-02  0.369591E-01  0.904778E-07  0.188654E-04
  0.538013E-01  0.348024E-01  0.720002E-02  0.565596E-01  0.890593E-07  0.149531E-04
  0.767147E-01  0.370340E-01  0.959511E-02  0.601003E-01  0.758568E-07  0.126982E-04
  0.830947E-01  0.147169E-01  0.102624E-01  0.248810E-01  0.147688E-07 -0.557861E-06
  0.865191E-01  0.803776E-03  0.103240E-01  0.190120E-02  0.151755E-08 -0.575302E-06
  0.868677E-01 -0.452728E-04  0.103344E-01  0.542576E-03  0.447108E-09 -0.126052E-06
  0.868733E-01 -0.312351E-03  0.102618E-01  0.200533E-04  0.139726E-10 -0.412759E-06
  0.862739E-01 -0.262045E-03  0.102533E-01  0.000000E+00  0.000000E+00 -0.177345E-06
  0.862002E-01 -0.233039E-03  0.102456E-01  0.000000E+00  0.000000E+00  0.511804E-06
  0.861306E-01 -0.217111E-03  0.102360E-01  0.000000E+00  0.000000E+00  0.178512E-05
  0.859975E-01 -0.249853E-03  0.102146E-01  0.000000E+00  0.000000E+00  0.350343E-05
  0.858012E-01  0.460458E-02  0.104603E-01  0.754937E-02  0.149666E-07  0.205696E-05
  0.998594E-01  0.642620E-01  0.142694E-01  0.104744E+00  0.253910E-06  0.285030E-04
  0.123574E+00  0.802282E-01  0.190236E-01  0.130929E+00  0.209447E-06  0.190527E-04
  0.150837E+00  0.738505E-01  0.233303E-01  0.120029E+00  0.156748E-06  0.150012E-04
  0.164795E+00  0.298339E-01  0.250023E-01  0.510015E-01  0.269369E-07 -0.252250E-06
  0.174274E+00  0.155214E-02  0.251910E-01  0.404573E-02  0.291536E-08 -0.654471E-06
  0.175385E+00 -0.176629E-03  0.252284E-01  0.122425E-02  0.926304E-09 -0.812374E-07
  0.175503E+00 -0.830911E-03  0.250532E-01  0.756482E-04  0.994907E-10 -0.470219E-06
  0.174333E+00 -0.832316E-03  0.250397E-01  0.166057E-03  0.133749E-09 -0.190890E-06
  0.174242E+00 -0.898147E-03  0.250210E-01  0.000000E+00  0.000000E+00  0.685734E-06
  0.174101E+00 -0.830584E-03  0.249981E-01  0.000000E+00  0.000000E+00  0.227148E-05
  0.173833E+00 -0.788725E-03  0.249519E-01  0.000000E+00  0.000000E+00  0.416816E-05
  0.175540E+00  0.613490E-01  0.285455E-01  0.945740E-01  0.194323E-06  0.841616E-05
  0.194762E+00  0.129306E+00  0.357902E-01  0.211443E+00  0.528251E-06  0.427044E-04
  0.223896E+00  0.145623E+00  0.442467E-01  0.238159E+00  0.390546E-06  0.239419E-04
  0.253917E+00  0.124007E+00  0.514761E-01  0.201054E+00  0.271196E-06  0.183799E-04
  0.276111E+00  0.537873E-01  0.545793E-01  0.905569E-01  0.496471E-07  0.722752E-06
  0.282206E+00  0.290566E-02  0.547876E-01  0.767024E-02  0.560561E-08 -0.503129E-06
  0.283614E+00 -0.501484E-03  0.548326E-01  0.214646E-02  0.160215E-08  0.118546E-08
  0.283790E+00 -0.165818E-02  0.544501E-01  0.129866E-03  0.165387E-09 -0.506713E-06
  0.281900E+00 -0.162591E-02  0.544175E-01  0.312069E-03  0.252046E-09 -0.201186E-06
  0.282417E+00 -0.154327E-03  0.544745E-01  0.235136E-02  0.288101E-08  0.111633E-05
  0.283104E+00  0.714125E-02  0.549504E-01  0.128869E-01  0.236582E-07  0.309237E-05
  0.284719E+00  0.475299E-01  0.576970E-01  0.744563E-01  0.182394E-06  0.511259E-05
  0.293221E+00  0.107959E+00  0.639837E-01  0.168865E+00  0.353769E-06  0.160540E-04
  0.311168E+00  0.203953E+00  0.753253E-01  0.334144E+00  0.835716E-06  0.441275E-04
  0.341151E+00  0.219545E+00  0.880092E-01  0.360260E+00  0.609674E-06  0.263656E-04
  0.372259E+00  0.180586E+00  0.984849E-01  0.293255E+00  0.413604E-06  0.189341E-04
  0.395600E+00  0.783337E-01  0.102954E+00  0.131916E+00  0.748550E-07  0.855760E-06
  0.401221E+00  0.437011E-02  0.103251E+00  0.112880E-01  0.815725E-08 -0.497267E-06
  0.403415E+00 -0.662652E-03  0.103309E+00  0.324552E-02  0.243433E-08  0.128587E-06
  0.403741E+00 -0.243480E-02  0.102587E+00  0.201411E-03  0.260163E-09 -0.515882E-06
  0.401063E+00 -0.230379E-02  0.102522E+00  0.500865E-03  0.402134E-09 -0.182412E-06
  0.401878E+00  0.121180E-03  0.102612E+00  0.385276E-02  0.517595E-08  0.147474E-05
  0.402167E+00  0.105563E-01  0.103286E+00  0.192839E-01  0.358976E-07  0.384363E-05
  0.403613E+00  0.685765E-01  0.107242E+00  0.107726E+00  0.264565E-06  0.593588E-05
  0.411507E+00  0.154047E+00  0.116176E+00  0.241386E+00  0.519573E-06  0.187913E-04
  0.427847E+00  0.275383E+00  0.131436E+00  0.452350E+00  0.115415E-05  0.446959E-04
  0.457302E+00  0.289732E+00  0.148113E+00  0.476987E+00  0.838687E-06  0.267679E-04
  0.487607E+00  0.235268E+00  0.161707E+00  0.382841E+00  0.563168E-06  0.194032E-04
  0.511278E+00  0.103321E+00  0.167549E+00  0.174286E+00  0.106863E-06  0.142488E-05
  0.517169E+00  0.622243E-02  0.167952E+00  0.152029E-01  0.111835E-07 -0.422440E-06
  0.520316E+00 -0.666793E-03  0.168012E+00  0.427493E-02  0.336829E-08  0.268899E-06
  0.520794E+00 -0.299707E-02  0.166834E+00  0.279505E-03  0.388762E-09 -0.493271E-06
  0.517321E+00 -0.287163E-02  0.166719E+00  0.694237E-03  0.574524E-09 -0.137889E-06
  0.517359E+00 -0.151240E-03  0.166763E+00  0.471754E-02  0.614650E-08  0.156911E-05
  0.517231E+00  0.143705E-01  0.167652E+00  0.258580E-01  0.496812E-07  0.429635E-05
  0.518491E+00  0.895147E-01  0.172810E+00  0.141198E+00  0.353186E-06  0.655794E-05
  0.525733E+00  0.197718E+00  0.184230E+00  0.310201E+00  0.689448E-06  0.212158E-04
  0.540510E+00  0.341224E+00  0.203098E+00  0.562448E+00  0.147561E-05  0.443251E-04
  0.568402E+00  0.355311E+00  0.223503E+00  0.586909E+00  0.107317E-05  0.261264E-04
  0.598115E+00  0.287564E+00  0.240085E+00  0.468890E+00  0.717499E-06  0.186921E-04
  0.621451E+00  0.127259E+00  0.245693E+00  0.214878E+00  0.138955E-06  0.148021E-05
  0.627968E+00  0.629781E-02  0.246214E+00  0.191018E-01  0.143238E-07 -0.337799E-06
  0.629954E+00 -0.221672E-02  0.246155E+00  0.563146E-02  0.451457E-08  0.483364E-06
  0.629355E+00 -0.514499E-02  0.244423E+00  0.390910E-03  0.578760E-09 -0.448000E-06
  0.625130E+00 -0.500552E-02  0.244250E+00  0.869540E-03  0.741414E-09 -0.739619E-07
  0.624781E+00 -0.166376E-02  0.244210E+00  0.578836E-02  0.776942E-08  0.173700E-05
  0.624508E+00  0.165996E-01  0.244916E+00  0.324481E-01  0.645252E-07  0.479961E-05
  0.625078E+00  0.106310E+00  0.249256E+00  0.172187E+00  0.438821E-06  0.706914E-05
  0.629008E+00  0.235246E+00  0.258897E+00  0.376798E+00  0.873281E-06  0.219404E-04
  0.637110E+00  0.374658E+00  0.274989E+00  0.654182E+00  0.176003E-05  0.428977E-04
  0.663897E+00  0.377124E+00  0.291972E+00  0.679327E+00  0.127904E-05  0.252668E-04
  0.686283E+00  0.298611E+00  0.305770E+00  0.536452E+00  0.839260E-06  0.178975E-04
  0.706439E+00  0.123123E+00  0.312723E+00  0.248377E+00  0.168904E-06  0.165983E-05
  0.720471E+00 -0.113647E-01  0.313312E+00  0.222317E-01  0.170534E-07 -0.270120E-06
  0.722817E+00 -0.207831E-01  0.313225E+00  0.657094E-02  0.541303E-08  0.580082E-06
  0.722158E+00 -0.227740E-01  0.311021E+00  0.482476E-03  0.741971E-09 -0.419728E-06
  0.717311E+00 -0.219023E-01  0.310798E+00  0.102308E-02  0.887956E-09 -0.346684E-07
  0.716935E+00 -0.178621E-01  0.310735E+00  0.671257E-02  0.923279E-08  0.180455E-05
  0.716795E+00  0.458646E-02  0.311560E+00  0.382607E-01  0.781910E-07  0.500300E-05
  0.718816E+00  0.103827E+00  0.316713E+00  0.200871E+00  0.521878E-06  0.729412E-05
  0.725379E+00  0.257092E+00  0.328058E+00  0.438127E+00  0.104208E-05  0.215962E-04
  0.737539E+00  0.397284E+00  0.346532E+00  0.747129E+00  0.205460E-05  0.416672E-04
  0.770355E+00  0.410956E+00  0.366227E+00  0.780331E+00  0.151134E-05  0.242853E-04
  0.798411E+00  0.334594E+00  0.382386E+00  0.621090E+00  0.993182E-06  0.173264E-04
  0.830128E+00  0.140427E+00  0.390815E+00  0.295225E+00  0.215316E-06  0.174917E-05
  0.845805E+00 -0.145676E-01  0.391478E+00  0.271619E-01  0.217297E-07 -0.176784E-06
  0.848235E+00 -0.259923E-01  0.391365E+00  0.795179E-02  0.672499E-08  0.709438E-06
  0.847543E+00 -0.282095E-01  0.388613E+00  0.607395E-03  0.963616E-09 -0.386351E-06
  0.841858E+00 -0.270000E-01  0.388333E+00  0.124186E-02  0.109524E-08  0.173469E-07
  0.841494E+00 -0.220512E-01  0.388273E+00  0.881909E-02  0.133031E-07  0.196580E-05
  0.841874E+00  0.441728E-02  0.389284E+00  0.469953E-01  0.991168E-07  0.527055E-05
  0.847513E+00  0.119644E+00  0.395687E+00  0.241291E+00  0.642973E-06  0.754777E-05
  0.857489E+00  0.302699E+00  0.409594E+00  0.523526E+00  0.128158E-05  0.211578E-04
  0.877213E+00  0.456520E+00  0.431746E+00  0.875869E+00  0.246013E-05  0.395343E-04
  0.920233E+00  0.478271E+00  0.455562E+00  0.919295E+00  0.184126E-05  0.227480E-04
  0.959909E+00  0.396821E+00  0.476175E+00  0.740432E+00  0.121908E-05  0.161093E-04
  0.100157E+01  0.169533E+00  0.485460E+00  0.356244E+00  0.275510E-06  0.174558E-05
  0.101289E+01 -0.142299E-01  0.486269E+00  0.337713E-01  0.278111E-07 -0.928876E-07
  0.101618E+01 -0.283987E-01  0.486141E+00  0.940054E-02  0.806481E-08  0.827668E-06
  0.101560E+01 -0.310934E-01  0.482725E+00  0.765171E-03  0.126051E-08 -0.351383E-06
  0.100882E+01 -0.296854E-01  0.482381E+00  0.152980E-02  0.135338E-08  0.825073E-07
  0.100876E+01 -0.250581E-01  0.482299E+00  0.983555E-02  0.140119E-07  0.197207E-05
  0.100940E+01  0.874284E-02  0.483669E+00  0.582876E-01  0.126429E-06  0.537027E-05
  0.101304E+01  0.146029E+00  0.491630E+00  0.293397E+00  0.804807E-06  0.770997E-05
  0.102756E+01  0.362854E+00  0.347237E-01  0.629949E+00  0.158430E-05  0.199581E-04
  0.105220E+01  0.533823E+00  0.425395E-01  0.103168E+01  0.296909E-05  0.361607E-04
  0.110548E+01  0.565524E+00  0.507046E-01  0.108934E+01  0.225025E-05  0.209465E-04
  0.115443E+01  0.476586E+00  0.589204E-01  0.886762E+00  0.149472E-05  0.147009E-04
  0.120934E+01  0.210397E+00  0.628859E-01  0.434904E+00  0.362632E-06  0.179706E-05
  0.122132E+01 -0.944001E-02  0.632319E-01  0.423640E-01  0.358132E-07  0.208456E-07
  0.122560E+01 -0.269861E-01  0.633158E-01  0.121326E-01  0.103106E-07  0.980972E-06
  0.122520E+01 -0.315067E-01  0.628794E-01  0.965706E-03  0.159700E-08 -0.323287E-06
  0.121704E+01 -0.300089E-01  0.628474E-01  0.190297E-02  0.166954E-08  0.141215E-06
  0.121707E+01 -0.239797E-01  0.629257E-01  0.122567E-01  0.176250E-07  0.201003E-05
  0.121746E+01  0.183515E-01  0.636667E-01  0.737832E-01  0.164871E-06  0.535158E-05
  0.122593E+01  0.186233E+00  0.675840E-01  0.363927E+00  0.103149E-05  0.759778E-05
  0.124359E+01  0.440743E+00  0.756913E-01  0.766874E+00  0.197485E-05  0.179812E-04
  0.127615E+01  0.633683E+00  0.884395E-01  0.122670E+01  0.362986E-05  0.327486E-04
  0.134025E+01  0.675231E+00  0.101904E+00  0.129741E+01  0.277552E-05  0.188003E-04
  0.139950E+01  0.576713E+00  0.114948E+00  0.106532E+01  0.184611E-05  0.131310E-04
  0.146066E+01  0.258922E+00  0.121109E+00  0.525086E+00  0.467337E-06  0.175757E-05
  0.147731E+01 -0.508788E-01  0.121699E+00  0.523090E-01  0.437377E-07 -0.120335E-06
  0.148323E+01 -0.708160E-01  0.121834E+00  0.150680E-01  0.125727E-07  0.106762E-05
  0.148291E+01 -0.671965E-01  0.120987E+00  0.120894E-02  0.198396E-08 -0.307535E-06
  0.147295E+01 -0.584323E-01  0.120917E+00  0.236098E-02  0.202428E-08  0.187195E-06
  0.147265E+01 -0.493572E-01  0.121040E+00  0.152509E-01  0.220209E-07  0.204388E-05
  0.147370E+01  0.865461E-02  0.122344E+00  0.933949E-01  0.214366E-06  0.523077E-05
  0.147943E+01  0.238490E+00  0.128354E+00  0.445352E+00  0.129727E-05  0.723165E-05
  0.150188E+01  0.559420E+00  0.141810E+00  0.925969E+00  0.244864E-05  0.160674E-04
  0.154606E+01  0.791610E+00  0.158713E+00  0.141430E+01  0.444100E-05  0.239757E-04
  0.160751E+01  0.838144E+00  0.178941E+00  0.150937E+01  0.340019E-05  0.164463E-04
  0.168680E+01  0.715237E+00  0.196779E+00  0.126021E+01  0.227150E-05  0.112905E-04
  0.174626E+01  0.325655E+00  0.205468E+00  0.626247E+00  0.608934E-06  0.183179E-05
  0.176960E+01 -0.452025E-01  0.206452E+00  0.655540E-01  0.595928E-07 -0.872135E-08
  0.177731E+01 -0.720074E-01  0.206638E+00  0.189988E-01  0.172395E-07  0.135223E-05
  0.177686E+01 -0.696994E-01  0.205201E+00  0.154967E-02  0.276050E-08 -0.205395E-06
  0.176508E+01 -0.600007E-01  0.205086E+00  0.298846E-02  0.268700E-08  0.269975E-06
  0.176461E+01 -0.482639E-01  0.205294E+00  0.205603E-01  0.332074E-07  0.219922E-05
  0.176611E+01  0.205543E-01  0.207342E+00  0.119221E+00  0.284560E-06  0.546057E-05
  0.177262E+01  0.299349E+00  0.216976E+00  0.547469E+00  0.163800E-05  0.713470E-05
  0.180534E+01  0.679849E+00  0.235409E+00  0.111704E+01  0.303864E-05  0.146768E-04
  0.185413E+01  0.929668E+00  0.259588E+00  0.165650E+01  0.528496E-05  0.211936E-04
  0.193006E+01  0.980841E+00  0.285773E+00  0.176295E+01  0.407043E-05  0.146777E-04
  0.201453E+01  0.840078E+00  0.308013E+00  0.147395E+01  0.271272E-05  0.990808E-05
  0.209605E+01  0.388045E+00  0.318616E+00  0.743131E+00  0.755923E-06  0.181229E-05
  0.211662E+01 -0.487911E-01  0.319849E+00  0.809125E-01  0.759196E-07  0.436547E-07
  0.212477E+01 -0.818429E-01  0.319960E+00  0.224450E-01  0.206748E-07  0.151029E-05
  0.212419E+01 -0.807809E-01  0.317723E+00  0.187541E-02  0.342710E-08 -0.143097E-06
  0.210994E+01 -0.704618E-01  0.317526E+00  0.365888E-02  0.326774E-08  0.328150E-06
  0.210995E+01 -0.587371E-01  0.317643E+00  0.227889E-01  0.341597E-07  0.219794E-05
  0.211358E+01  0.306877E-01  0.320119E+00  0.147484E+00  0.359287E-06  0.529792E-05
  0.212193E+01  0.368594E+00  0.330865E+00  0.669402E+00  0.203352E-05  0.672577E-05
  0.215181E+01  0.802401E+00  0.353694E+00  0.132536E+01  0.364782E-05  0.127238E-04
  0.221156E+01  0.106711E+01  0.380822E+00  0.192559E+01  0.628881E-05  0.188930E-04
  0.229056E+01  0.110935E+01  0.410684E+00  0.202813E+01  0.479997E-05  0.136045E-04
  0.238697E+01  0.959153E+00  0.437953E+00  0.170911E+01  0.319239E-05  0.886869E-05
  0.246088E+01  0.442024E+00  0.452282E+00  0.863353E+00  0.914426E-06  0.197287E-05
  0.250114E+01 -0.153511E-01  0.454051E+00  0.999006E-01  0.975036E-07  0.183416E-06
  0.251077E+01 -0.577039E-01  0.454224E+00  0.282097E-01  0.257649E-07  0.183774E-05
  0.250985E+01 -0.657407E-01  0.451044E+00  0.232812E-02  0.430922E-08 -0.263185E-07
  0.249305E+01 -0.598525E-01  0.450761E+00  0.443044E-02  0.389558E-08  0.417535E-06
  0.249252E+01 -0.470351E-01  0.450896E+00  0.271213E-01  0.407584E-07  0.227166E-05
  0.249352E+01  0.574078E-01  0.454133E+00  0.179576E+00  0.445069E-06  0.528377E-05
  0.250645E+01  0.433259E+00  0.468852E+00  0.802247E+00  0.245954E-05  0.652679E-05
  0.254175E+01  0.911203E+00  0.498452E+00  0.156228E+01  0.432463E-05  0.111554E-04
  0.260801E+01  0.119927E+01  0.532939E+00  0.222341E+01  0.736535E-05  0.182972E-04
  0.270155E+01  0.123063E+01  0.569670E+00  0.230395E+01  0.554540E-05  0.127673E-04
  0.280559E+01  0.107960E+01  0.603462E+00  0.195028E+01  0.367507E-05  0.807881E-05
  0.288207E+01  0.495246E+00  0.619758E+00  0.983580E+00  0.107157E-05  0.207852E-05
  0.292872E+01 -0.794343E-02  0.622112E+00  0.122779E+00  0.126622E-06  0.324022E-06
  0.293546E+01 -0.605776E-01  0.622199E+00  0.335472E-01  0.307322E-07  0.210528E-05
  0.293393E+01 -0.717093E-01  0.617841E+00  0.278726E-02  0.531236E-08  0.135255E-06
  0.291421E+01 -0.655741E-01  0.617437E+00  0.530245E-02  0.461137E-08  0.505451E-06
  0.291376E+01 -0.514935E-01  0.617518E+00  0.318410E-01  0.478789E-07  0.237374E-05
  0.291632E+01  0.741877E-01  0.621381E+00  0.215160E+00  0.537623E-06  0.537000E-05
  0.292523E+01  0.505307E+00  0.638480E+00  0.943711E+00  0.289987E-05  0.648118E-05
  0.296126E+01  0.103508E+01  0.672747E+00  0.180024E+01  0.501532E-05  0.103376E-04
  0.302768E+01  0.132079E+01  0.711321E+00  0.250206E+01  0.837892E-05  0.171287E-04
  0.311554E+01  0.132074E+01  0.751435E+00  0.254004E+01  0.620690E-05  0.122198E-04
  0.322514E+01  0.117461E+01  0.789808E+00  0.216438E+01  0.409482E-05  0.764611E-05
  0.330891E+01  0.525395E+00  0.807751E+00  0.108458E+01  0.121263E-05  0.222511E-05
  0.335325E+01 -0.750134E-02  0.810738E+00  0.148770E+00  0.168877E-06  0.500930E-06
  0.335961E+01 -0.727336E-01  0.810850E+00  0.391550E-01  0.365377E-07  0.246625E-05
  0.335837E+01 -0.857043E-01  0.805174E+00  0.329374E-02  0.703119E-08  0.426850E-06
  0.333593E+01 -0.785001E-01  0.804656E+00  0.622097E-02  0.542126E-08  0.642368E-06
  0.333590E+01 -0.597499E-01  0.804871E+00  0.391014E-01  0.639453E-07  0.255918E-05
  0.333574E+01  0.828892E-01  0.809730E+00  0.251319E+00  0.631656E-06  0.561557E-05
  0.334778E+01  0.569366E+00  0.830340E+00  0.108526E+01  0.333465E-05  0.656412E-05
  0.340347E+01  0.114706E+01  0.528877E+00  0.203013E+01  0.567113E-05  0.100491E-04
  0.347431E+01  0.143587E+01  0.563535E+00  0.276309E+01  0.937447E-05  0.161219E-04
  0.356788E+01  0.139734E+01  0.596607E+00  0.273853E+01  0.678094E-05  0.118340E-04
  0.367169E+01  0.126266E+01  0.629901E+00  0.234935E+01  0.444843E-05  0.725270E-05
  0.376311E+01  0.553998E+00  0.644472E+00  0.116547E+01  0.132991E-05  0.239760E-05
  0.380736E+01 -0.973738E-02  0.647221E+00  0.172181E+00  0.207323E-06  0.673710E-06
  0.381442E+01 -0.909075E-01  0.647462E+00  0.437054E-01  0.424195E-07  0.286207E-05
  0.381352E+01 -0.104016E+00  0.642928E+00  0.381795E-02  0.897775E-08  0.651906E-06
  0.378785E+01 -0.947911E-01  0.642535E+00  0.719406E-02  0.636651E-08  0.779133E-06
  0.378649E+01 -0.770689E-01  0.642715E+00  0.406031E-01  0.619845E-07  0.275411E-05
  0.378745E+01  0.919117E-01  0.647692E+00  0.288286E+00  0.728898E-06  0.582934E-05
  0.380253E+01  0.648755E+00  0.670184E+00  0.123028E+01  0.378257E-05  0.673171E-05
  0.386252E+01  0.125450E+01  0.708783E+00  0.224035E+01  0.630641E-05  0.957876E-05
  0.393878E+01  0.154081E+01  0.748430E+00  0.297933E+01  0.102174E-04  0.151257E-04
  0.402756E+01  0.145985E+01  0.783936E+00  0.289152E+01  0.723930E-05  0.114652E-04
  0.413633E+01  0.134554E+01  0.817930E+00  0.251232E+01  0.474653E-05  0.696632E-05
  0.422290E+01  0.577134E+00  0.831985E+00  0.123440E+01  0.143897E-05  0.257471E-05
  0.426681E+01 -0.135610E-01  0.834955E+00  0.192536E+00  0.238258E-06  0.857656E-06
  0.427352E+01 -0.106304E+00  0.835162E+00  0.512755E-01  0.509345E-07  0.328014E-05
  0.427218E+01 -0.121539E+00  0.829312E+00  0.443550E-02  0.109075E-07  0.887730E-06
  0.424354E+01 -0.109963E+00  0.828791E+00  0.811298E-02  0.725219E-08  0.886164E-06
  0.424217E+01 -0.906349E-01  0.828885E+00  0.451399E-01  0.694706E-07  0.294660E-05
  0.424477E+01  0.100480E+00  0.834967E+00  0.325725E+00  0.825299E-06  0.605735E-05
  0.427247E+01  0.731410E+00  0.858089E+00  0.137049E+01  0.421579E-05  0.695239E-05
  0.432746E+01  0.134164E+01  0.898034E+00  0.241966E+01  0.686023E-05  0.943696E-05
  0.440455E+01  0.159136E+01  0.933422E+00  0.313609E+01  0.108665E-04  0.141968E-04
  0.448452E+01  0.146832E+01  0.966033E+00  0.299427E+01  0.754619E-05  0.112573E-04
  0.459224E+01  0.137674E+01  0.622043E+00  0.262571E+01  0.494713E-05  0.674086E-05
  0.468319E+01  0.578013E+00  0.631586E+00  0.128353E+01  0.152099E-05  0.277805E-05
  0.473027E+01 -0.210555E-01  0.634062E+00  0.209081E+00  0.265495E-06  0.119809E-05
  0.473750E+01 -0.124475E+00  0.634400E+00  0.572393E-01  0.580779E-07  0.364416E-05
  0.473627E+01 -0.140751E+00  0.629967E+00  0.510162E-02  0.131302E-07  0.114666E-05
  0.470467E+01 -0.127687E+00  0.629601E+00  0.902346E-02  0.810536E-08  0.992502E-06
  0.470372E+01 -0.107862E+00  0.629802E+00  0.496075E-01  0.769700E-07  0.315394E-05
  0.470887E+01  0.103335E+00  0.635658E+00  0.359627E+00  0.913794E-06  0.629388E-05
  0.473235E+01  0.784789E+00  0.656465E+00  0.147891E+01  0.455722E-05  0.722833E-05
  0.479767E+01  0.139014E+01  0.688531E+00  0.255769E+01  0.733300E-05  0.924245E-05
  0.487140E+01  0.160984E+01  0.716206E+00  0.324607E+01  0.113112E-04  0.134033E-04
  0.494415E+01  0.146826E+01  0.737363E+00  0.307010E+01  0.778437E-05  0.110188E-04
  0.504726E+01  0.139981E+01  0.763831E+00  0.270887E+01  0.509738E-05  0.659786E-05
  0.513442E+01  0.581731E+00  0.773103E+00  0.132459E+01  0.160991E-05  0.305195E-05
  0.518242E+01 -0.331627E-01  0.775698E+00  0.222479E+00  0.291772E-06  0.140579E-05
  0.519058E+01 -0.146112E+00  0.776079E+00  0.639749E-01  0.674659E-07  0.419331E-05
  0.518967E+01 -0.162596E+00  0.770649E+00  0.585692E-02  0.165796E-07  0.148892E-05
  0.515507E+01 -0.146270E+00  0.770196E+00  0.989085E-02  0.901836E-08  0.112494E-05
  0.515504E+01 -0.120543E+00  0.770514E+00  0.577988E-01  0.971283E-07  0.335412E-05
  0.516237E+01  0.102346E+00  0.777026E+00  0.389118E+00  0.993857E-06  0.655380E-05
  0.518736E+01  0.814851E+00  0.799220E+00  0.155566E+01  0.481036E-05  0.748193E-05
  0.525182E+01  0.143138E+01  0.832045E+00  0.264782E+01  0.766132E-05  0.934246E-05
  0.531523E+01  0.162581E+01  0.858719E+00  0.331548E+01  0.116176E-04  0.130028E-04
  0.538306E+01  0.146785E+01  0.871807E+00  0.311669E+01  0.793925E-05  0.109568E-04
  0.546773E+01  0.140855E+01  0.897133E+00  0.275551E+01  0.517611E-05  0.653902E-05
  0.553594E+01  0.584190E+00  0.905505E+00  0.135525E+01  0.167925E-05  0.330471E-05
  0.558126E+01 -0.452281E-01  0.907898E+00  0.230084E+00  0.308555E-06  0.159025E-05
  0.558816E+01 -0.165876E+00  0.908077E+00  0.666067E-01  0.735514E-07  0.464733E-05
  0.558584E+01 -0.180772E+00  0.901557E+00  0.637617E-02  0.202616E-07  0.181615E-05
  0.554740E+01 -0.161498E+00  0.900860E+00  0.106022E-01  0.980648E-08  0.122747E-05
  0.554635E+01 -0.139357E+00  0.900925E+00  0.571503E-01  0.907323E-07  0.356614E-05
  0.555379E+01  0.994286E-01  0.907638E+00  0.406435E+00  0.104312E-05  0.673349E-05
  0.557777E+01  0.826892E+00  0.929799E+00  0.160168E+01  0.497429E-05  0.788645E-05
  0.563606E+01  0.145247E+01  0.961841E+00  0.270058E+01  0.789221E-05  0.947985E-05
  0.568625E+01  0.163080E+01  0.986484E+00  0.335811E+01  0.118576E-04  0.126803E-04
  0.574785E+01  0.146279E+01  0.100423E+01  0.314738E+01  0.804667E-05  0.109960E-04
  0.581849E+01  0.141393E+01  0.102791E+01  0.279175E+01  0.523137E-05  0.655078E-05
  0.587507E+01  0.586015E+00  0.103404E+01  0.138214E+01  0.174111E-05  0.356466E-05
  0.591674E+01 -0.601724E-01  0.103601E+01  0.236752E+00  0.322986E-06  0.178419E-05
  0.592128E+01 -0.186940E+00  0.103587E+01  0.728723E-01  0.825484E-07  0.508891E-05
  0.591661E+01 -0.202235E+00  0.102812E+01  0.709640E-02  0.248942E-07  0.222494E-05
  0.587377E+01 -0.179283E+00  0.102702E+01  0.111931E-01  0.106041E-07  0.131899E-05
  0.587089E+01 -0.156454E+00  0.102739E+01  0.600604E-01  0.964563E-07  0.375003E-05
  0.588304E+01  0.915492E-01  0.103317E+01  0.421858E+00  0.108843E-05  0.696201E-05
  0.589867E+01  0.831313E+00  0.105529E+01  0.163325E+01  0.509458E-05  0.815171E-05
  0.594681E+01  0.146804E+01  0.108600E+01  0.273858E+01  0.809335E-05  0.953040E-05
  0.597310E+01  0.163284E+01  0.110867E+01  0.338558E+01  0.120323E-04  0.126174E-04
  0.601439E+01  0.145708E+01  0.112406E+01  0.316846E+01  0.814620E-05  0.110634E-04
  0.606901E+01  0.141218E+01  0.114649E+01  0.281081E+01  0.525950E-05  0.661229E-05
  0.611479E+01  0.585170E+00  0.115291E+01  0.140275E+01  0.180207E-05  0.383842E-05
  0.614962E+01 -0.869166E-01  0.115433E+01  0.243022E+00  0.343491E-06  0.203214E-05
  0.615082E+01 -0.228480E+00  0.115434E+01  0.763950E-01  0.908424E-07  0.548608E-05
  0.614997E+01 -0.238449E+00  0.114528E+01  0.763622E-02  0.288950E-07  0.260573E-05
  0.610241E+01 -0.208432E+00  0.114405E+01  0.116323E-01  0.115268E-07  0.140688E-05
  0.609671E+01 -0.183959E+00  0.114334E+01  0.618710E-01  0.101134E-06  0.394465E-05
  0.609392E+01  0.735402E-01  0.114852E+01  0.434309E+00  0.113230E-05  0.718884E-05
  0.610441E+01  0.822045E+00  0.601607E+00  0.164674E+01  0.515293E-05  0.838258E-05
  0.615040E+01  0.148916E+01  0.611580E+00  0.276253E+01  0.823448E-05  0.103293E-04
  0.616950E+01  0.164470E+01  0.621759E+00  0.340210E+01  0.121776E-04  0.127839E-04
  0.619669E+01  0.145956E+01  0.627148E+00  0.317984E+01  0.822093E-05  0.112317E-04
  0.624955E+01  0.141550E+01  0.638314E+00  0.282336E+01  0.527343E-05  0.670386E-05
  0.630381E+01  0.586504E+00  0.640088E+00  0.141765E+01  0.185129E-05  0.405712E-05
  0.633193E+01 -0.106177E+00  0.640098E+00  0.258478E+00  0.390597E-06  0.222479E-05
  0.632818E+01 -0.265553E+00  0.639697E+00  0.794431E-01  0.976682E-07  0.578029E-05
  0.632352E+01 -0.269585E+00  0.633788E+00  0.820042E-02  0.320000E-07  0.287802E-05
  0.627206E+01 -0.233822E+00  0.632014E+00  0.119709E-01  0.122761E-07  0.146066E-05
  0.626269E+01 -0.199970E+00  0.631072E+00  0.684618E-01  0.120716E-06  0.407257E-05
  0.625610E+01  0.585582E-01  0.634028E+00  0.443863E+00  0.116400E-05  0.743925E-05
  0.626559E+01  0.819647E+00  0.647062E+00  0.165703E+01  0.519732E-05  0.858925E-05
  0.630072E+01  0.151624E+01  0.663482E+00  0.278786E+01  0.837722E-05  0.105726E-04
  0.631071E+01  0.166141E+01  0.670660E+00  0.341948E+01  0.123551E-04  0.129380E-04
  0.632749E+01  0.146658E+01  0.674912E+00  0.318992E+01  0.831207E-05  0.114356E-04
  0.636938E+01  0.141724E+01  0.684788E+00  0.282886E+01  0.527308E-05  0.676217E-05
  0.641284E+01  0.588546E+00  0.685828E+00  0.142819E+01  0.189987E-05  0.422659E-05
  0.644446E+01 -0.123086E+00  0.686105E+00  0.270919E+00  0.439450E-06  0.240627E-05
  0.644749E+01 -0.296884E+00  0.684705E+00  0.786250E-01  0.102498E-06  0.605821E-05
  0.643607E+01 -0.293176E+00  0.678130E+00  0.895771E-02  0.364872E-07  0.321657E-05
  0.638241E+01 -0.253253E+00  0.675978E+00  0.122159E-01  0.129767E-07  0.151001E-05
  0.637090E+01 -0.221763E+00  0.674643E+00  0.651443E-01  0.109764E-06  0.425015E-05
  0.636329E+01  0.501502E-01  0.677166E+00  0.446373E+00  0.117762E-05  0.755906E-05
  0.637143E+01  0.818624E+00  0.689585E+00  0.166399E+01  0.523733E-05  0.873355E-05
  0.640045E+01  0.153882E+01  0.704983E+00  0.280827E+01  0.851548E-05  0.109831E-04
  0.639882E+01  0.167637E+01  0.701621E+00  0.343422E+01  0.125353E-04  0.132968E-04
  0.640799E+01  0.147506E+01  0.704568E+00  0.320362E+01  0.839875E-05  0.116826E-04
  0.643696E+01  0.142338E+01  0.711226E+00  0.284215E+01  0.527781E-05  0.684354E-05
  0.646838E+01  0.591376E+00  0.711634E+00  0.144595E+01  0.195634E-05  0.439524E-05
  0.649173E+01 -0.130638E+00  0.711151E+00  0.286515E+00  0.510867E-06  0.258474E-05
  0.649282E+01 -0.315249E+00  0.709358E+00  0.828774E-01  0.111850E-06  0.637312E-05
  0.648022E+01 -0.309245E+00  0.702349E+00  0.944125E-02  0.399749E-07  0.355827E-05
  0.642565E+01 -0.266949E+00  0.699912E+00  0.122971E-01  0.138131E-07  0.157960E-05
  0.641442E+01 -0.234394E+00  0.698222E+00  0.653391E-01  0.112258E-06  0.438431E-05
  0.640979E+01  0.403165E-01  0.699543E+00  0.449708E+00  0.119460E-05  0.771036E-05
  0.641289E+01  0.809641E+00  0.708944E+00  0.166887E+01  0.527721E-05  0.880591E-05
  0.644167E+01  0.155018E+01  0.720941E+00  0.282970E+01  0.864977E-05  0.113491E-04
  0.643744E+01  0.167279E+01  0.727119E+00  0.344963E+01  0.127267E-04  0.137885E-04
  0.643699E+01  0.147274E+01  0.729441E+00  0.322049E+01  0.849809E-05  0.118840E-04
  0.646326E+01  0.141816E+01  0.736290E+00  0.285042E+01  0.527769E-05  0.695889E-05
  0.649506E+01  0.588900E+00  0.736752E+00  0.146147E+01  0.202490E-05  0.468798E-05
  0.651950E+01 -0.134687E+00  0.736277E+00  0.300070E+00  0.562686E-06  0.292829E-05
  0.652158E+01 -0.345407E+00  0.734495E+00  0.844108E-01  0.117632E-06  0.658549E-05
  0.650987E+01 -0.340470E+00  0.727325E+00  0.969918E-02  0.423745E-07  0.380068E-05
  0.645608E+01 -0.292961E+00  0.724885E+00  0.123411E-01  0.144778E-07  0.163336E-05
  0.644578E+01 -0.255396E+00  0.723191E+00  0.656033E-01  0.114523E-06  0.450969E-05
  0.644270E+01  0.217921E-01  0.724577E+00  0.451938E+00  0.120647E-05  0.789272E-05
  0.645062E+01  0.807485E+00  0.734175E+00  0.167451E+01  0.531077E-05  0.891884E-05
  0.648229E+01  0.156834E+01  0.746281E+00  0.283992E+01  0.873828E-05  0.115948E-04
  0.647479E+01  0.168571E+01  0.750863E+00  0.346917E+01  0.129428E-04  0.142502E-04
  0.647270E+01  0.148312E+01  0.735444E+00  0.323896E+01  0.858813E-05  0.120968E-04
  0.650125E+01  0.142460E+01  0.742042E+00  0.286519E+01  0.528709E-05  0.707914E-05
  0.652843E+01  0.592822E+00  0.742432E+00  0.147675E+01  0.208396E-05  0.494694E-05
  0.655570E+01 -0.140444E+00  0.742063E+00  0.308962E+00  0.587933E-06  0.320894E-05
  0.655897E+01 -0.353753E+00  0.740332E+00  0.860093E-01  0.124241E-06  0.686066E-05
  0.654824E+01 -0.342887E+00  0.733181E+00  0.991651E-02  0.445768E-07  0.402432E-05
  0.649538E+01 -0.295037E+00  0.730794E+00  0.123905E-01  0.150513E-07  0.168925E-05
  0.648625E+01 -0.254557E+00  0.729177E+00  0.716398E-01  0.135477E-06  0.463683E-05
  0.648412E+01  0.179240E-01  0.730615E+00  0.455911E+00  0.122475E-05  0.807137E-05
  0.649367E+01  0.812080E+00  0.740291E+00  0.168319E+01  0.535444E-05  0.900423E-05
  0.652245E+01  0.159456E+01  0.752297E+00  0.286528E+01  0.884975E-05  0.120915E-04
  0.651009E+01  0.169400E+01  0.758532E+00  0.349295E+01  0.131528E-04  0.145490E-04
  0.650848E+01  0.149222E+01  0.761712E+00  0.325761E+01  0.867842E-05  0.122865E-04
  0.653517E+01  0.142590E+01  0.768891E+00  0.287305E+01  0.528073E-05  0.717143E-05
  0.656162E+01  0.595422E+00  0.769426E+00  0.148802E+01  0.214025E-05  0.513204E-05
  0.658896E+01 -0.141522E+00  0.768754E+00  0.315136E+00  0.609593E-06  0.354040E-05
  0.658901E+01 -0.333665E+00  0.764938E+00  0.846468E-01  0.128037E-06  0.717186E-05
  0.655872E+01 -0.318396E+00  0.755599E+00  0.999541E-02  0.466767E-07  0.427297E-05
  0.648582E+01 -0.274673E+00  0.751239E+00  0.123249E-01  0.154601E-07  0.172791E-05
  0.645762E+01 -0.259426E+00  0.747860E+00  0.660597E-01  0.120305E-06  0.477386E-05
  0.643803E+01  0.143897E-01  0.747255E+00  0.451939E+00  0.122300E-05  0.810855E-05
  0.642758E+01  0.797153E+00  0.756618E+00  0.168368E+01  0.537247E-05  0.898573E-05
  0.645870E+01  0.159067E+01  0.768961E+00  0.287828E+01  0.891582E-05  0.126483E-04
  0.646088E+01  0.168338E+01  0.775345E+00  0.351500E+01  0.133235E-04  0.149648E-04
  0.646615E+01  0.148965E+01  0.780206E+00  0.327897E+01  0.876804E-05  0.124687E-04
  0.649953E+01  0.142605E+01  0.788071E+00  0.288894E+01  0.528418E-05  0.725992E-05
  0.652826E+01  0.593805E+00  0.755241E+00  0.150344E+01  0.219728E-05  0.531760E-05
  0.655956E+01 -0.137288E+00  0.754742E+00  0.322469E+00  0.632094E-06  0.395980E-05
  0.656164E+01 -0.310504E+00  0.751094E+00  0.882387E-01  0.134959E-06  0.747373E-05
  0.653395E+01 -0.299930E+00  0.743966E+00  0.102130E-01  0.486999E-07  0.448258E-05
  0.648316E+01 -0.253872E+00  0.741652E+00  0.121446E-01  0.157184E-07  0.175053E-05
  0.647593E+01 -0.254692E+00  0.740040E+00  0.656525E-01  0.122041E-06  0.489432E-05
  0.647471E+01  0.134314E-01  0.741382E+00  0.454314E+00  0.124008E-05  0.816419E-05
  0.648394E+01  0.784929E+00  0.750643E+00  0.168375E+01  0.539106E-05  0.894962E-05
  0.651254E+01  0.160261E+01  0.762443E+00  0.290250E+01  0.902847E-05  0.127062E-04
  0.650587E+01  0.168918E+01  0.767574E+00  0.354560E+01  0.135261E-04  0.153771E-04
  0.651074E+01  0.149268E+01  0.771888E+00  0.330404E+01  0.888376E-05  0.124456E-04
  0.654293E+01  0.142811E+01  0.778630E+00  0.290443E+01  0.528446E-05  0.727964E-05
  0.657001E+01  0.593844E+00  0.778862E+00  0.151734E+01  0.226282E-05  0.548763E-05
  0.660156E+01 -0.125660E+00  0.778442E+00  0.330899E+00  0.656752E-06  0.399157E-05
  0.660434E+01 -0.293697E+00  0.774791E+00  0.892762E-01  0.140487E-06  0.775853E-05
  0.657788E+01 -0.293883E+00  0.767455E+00  0.103381E-01  0.509771E-07  0.467560E-05
  0.652727E+01 -0.245581E+00  0.765076E+00  0.120368E-01  0.161019E-07  0.182117E-05
  0.652007E+01 -0.259609E+00  0.763385E+00  0.657850E-01  0.125230E-06  0.502741E-05
  0.651797E+01  0.690791E-02  0.764532E+00  0.453736E+00  0.124506E-05  0.825604E-05
  0.652098E+01  0.767155E+00  0.772992E+00  0.167669E+01  0.539173E-05  0.903857E-05
  0.654439E+01  0.162577E+01  0.785373E+00  0.292409E+01  0.912563E-05  0.133273E-04
  0.654921E+01  0.169813E+01  0.792950E+00  0.357417E+01  0.137470E-04  0.161881E-04
  0.655567E+01  0.149507E+01  0.797209E+00  0.332586E+01  0.899081E-05  0.125009E-04
  0.658973E+01  0.142762E+01  0.805233E+00  0.291881E+01  0.528072E-05  0.737772E-05
  0.661496E+01  0.592431E+00  0.801270E+00  0.153093E+01  0.232968E-05  0.566761E-05
  0.664918E+01 -0.139050E+00  0.801292E+00  0.337476E+00  0.673449E-06  0.415751E-05
  0.665696E+01 -0.320539E+00  0.799517E+00  0.902440E-01  0.145347E-06  0.803536E-05
  0.664961E+01 -0.319000E+00  0.791961E+00  0.105125E-01  0.528911E-07  0.483292E-05
  0.659899E+01 -0.265042E+00  0.789525E+00  0.120550E-01  0.165380E-07  0.188241E-05
  0.659235E+01 -0.275804E+00  0.787809E+00  0.717179E-01  0.146406E-06  0.513590E-05
  0.659072E+01 -0.155890E-01  0.788862E+00  0.453320E+00  0.125012E-05  0.838945E-05
  0.658421E+01  0.747949E+00  0.795632E+00  0.165980E+01  0.535412E-05  0.919026E-05
  0.659729E+01  0.165205E+01  0.807955E+00  0.294870E+01  0.923841E-05  0.135751E-04
  0.660290E+01  0.171725E+01  0.812678E+00  0.360148E+01  0.139908E-04  0.167993E-04
  0.661025E+01  0.150141E+01  0.816305E+00  0.333880E+01  0.910103E-05  0.127080E-04
  0.664195E+01  0.142665E+01  0.824004E+00  0.292397E+01  0.525677E-05  0.752967E-05
  0.666725E+01  0.593890E+00  0.782017E+00  0.154049E+01  0.238358E-05  0.594194E-05
  0.670075E+01 -0.133430E+00  0.781484E+00  0.342491E+00  0.690163E-06  0.441016E-05
  0.670398E+01 -0.320594E+00  0.777131E+00  0.882391E-01  0.147785E-06  0.832596E-05
  0.667250E+01 -0.326638E+00  0.769686E+00  0.105523E-01  0.543750E-07  0.498327E-05
  0.662212E+01 -0.271308E+00  0.767210E+00  0.119367E-01  0.167742E-07  0.193593E-05
  0.661569E+01 -0.290362E+00  0.765413E+00  0.664265E-01  0.132040E-06  0.528019E-05
  0.661356E+01 -0.259518E-01  0.766142E+00  0.448379E+00  0.124251E-05  0.846640E-05
  0.660476E+01  0.752007E+00  0.772292E+00  0.167697E+01  0.541260E-05  0.943737E-05
  0.661362E+01  0.166060E+01  0.783086E+00  0.296480E+01  0.932075E-05  0.139454E-04
  0.661266E+01  0.172604E+01  0.789654E+00  0.361961E+01  0.141737E-04  0.174891E-04
  0.661262E+01  0.150433E+01  0.793106E+00  0.335003E+01  0.921791E-05  0.132003E-04
  0.664224E+01  0.142685E+01  0.799443E+00  0.292920E+01  0.522277E-05  0.777229E-05
  0.666199E+01  0.596960E+00  0.799062E+00  0.155411E+01  0.243883E-05  0.629958E-05
  0.669524E+01 -0.128838E+00  0.799079E+00  0.347789E+00  0.704944E-06  0.463515E-05
  0.670407E+01 -0.299989E+00  0.797282E+00  0.918869E-01  0.154680E-06  0.869326E-05
  0.669756E+01 -0.311179E+00  0.789733E+00  0.108417E-01  0.561248E-07  0.517050E-05
  0.664750E+01 -0.258860E+00  0.787277E+00  0.118773E-01  0.170637E-07  0.200044E-05
  0.664155E+01 -0.277108E+00  0.785504E+00  0.659371E-01  0.133569E-06  0.543316E-05
  0.663960E+01 -0.169773E-01  0.786321E+00  0.445596E+00  0.123937E-05  0.866466E-05
  0.662980E+01  0.750787E+00  0.792956E+00  0.168448E+01  0.543813E-05  0.982115E-05
  0.663854E+01  0.166852E+01  0.804484E+00  0.297742E+01  0.938208E-05  0.143488E-04
  0.663999E+01  0.172725E+01  0.811605E+00  0.363098E+01  0.143493E-04  0.178505E-04
  0.664101E+01  0.150278E+01  0.815398E+00  0.336005E+01  0.933238E-05  0.137940E-04
  0.667063E+01  0.141665E+01  0.812581E+00  0.292269E+01  0.514347E-05  0.809171E-05
  0.669037E+01  0.596131E+00  0.812227E+00  0.156575E+01  0.249794E-05  0.689555E-05
  0.672319E+01 -0.130766E+00  0.812052E+00  0.352271E+00  0.719614E-06  0.474355E-05
  0.672848E+01 -0.284569E+00  0.808138E+00  0.930573E-01  0.159678E-06  0.910286E-05
  0.670034E+01 -0.300584E+00  0.800671E+00  0.110981E-01  0.578183E-07  0.534572E-05
  0.665098E+01 -0.251513E+00  0.798358E+00  0.117647E-01  0.171488E-07  0.202334E-05
  0.664544E+01 -0.270229E+00  0.796700E+00  0.647333E-01  0.133505E-06  0.562300E-05
  0.664131E+01 -0.181898E-01  0.797386E+00  0.435196E+00  0.121527E-05  0.898211E-05
  0.663226E+01  0.744231E+00  0.804716E+00  0.168540E+01  0.543864E-05  0.102643E-04
  0.664552E+01  0.166737E+01  0.816918E+00  0.298257E+01  0.942775E-05  0.153482E-04
  0.664851E+01  0.172845E+01  0.824234E+00  0.364334E+01  0.144885E-04  0.179290E-04
  0.665251E+01  0.150031E+01  0.828207E+00  0.336818E+01  0.942451E-05  0.145676E-04
  0.668041E+01  0.139893E+01  0.835350E+00  0.290126E+01  0.492045E-05  0.859904E-05
  0.669874E+01  0.592928E+00  0.835258E+00  0.157221E+01  0.254164E-05  0.744762E-05
  0.673143E+01 -0.113788E+00  0.835566E+00  0.356618E+00  0.734413E-06  0.467277E-05
  0.674210E+01 -0.218414E+00  0.834052E+00  0.942158E-01  0.165408E-06  0.912329E-05
  0.673676E+01 -0.244130E+00  0.826508E+00  0.112133E-01  0.585441E-07  0.525071E-05
  0.668755E+01 -0.214920E+00  0.824289E+00  0.117411E-01  0.173018E-07  0.173827E-05
  0.668149E+01 -0.223705E+00  0.822579E+00  0.639764E-01  0.138328E-06  0.563739E-05
  0.667405E+01  0.139556E-01  0.823020E+00  0.417945E+00  0.116468E-05  0.977432E-05
  0.666761E+01  0.749475E+00  0.831084E+00  0.167810E+01  0.537790E-05  0.116701E-04
  0.668986E+01  0.165863E+01  0.844032E+00  0.297188E+01  0.938325E-05  0.170806E-04
  0.669173E+01  0.175272E+01  0.851702E+00  0.369718E+01  0.147417E-04  0.120021E-04
