  0.000000E+00  0.422097E-01 -0.981733E-06  0.000000E+00  0.392406E-02  0.000000E+00  0.000000E+00 -0.149312E-06 -0.977554E-06
  0.000000E+00  0.421957E-01 -0.612392E-05  0.000000E+00  0.392061E-02  0.000000E+00  0.000000E+00  0.149015E-05 -0.604692E-05
  0.000000E+00  0.421494E-01 -0.224594E-04  0.000000E+00  0.391540E-02  0.000000E+00  0.000000E+00  0.239803E-05 -0.221568E-04
  0.000000E+00  0.420506E-01 -0.146305E-03  0.000000E+00  0.389910E-02  0.000000E+00  0.000000E+00  0.316102E-05 -0.142939E-03
  0.000000E+00  0.417278E-01 -0.381969E-03  0.000000E+00  0.386254E-02  0.000000E+00  0.000000E+00  0.150011E-05 -0.326515E-03
  0.000000E+00  0.418136E-01  0.980210E-02  0.000000E+00  0.430002E-02  0.169624E-01  0.438556E-07  0.189579E-04  0.104522E-01
  0.000000E+00  0.447898E-01  0.120767E-01  0.000000E+00  0.476690E-02  0.220055E-01  0.354057E-07  0.151301E-04  0.134225E-01
  0.000000E+00  0.496077E-01  0.919389E-02  0.000000E+00  0.508111E-02  0.172629E-01  0.228874E-07  0.129004E-04  0.105671E-01
  0.000000E+00  0.520329E-01  0.316506E-02  0.000000E+00  0.518369E-02  0.693968E-02  0.459941E-08 -0.488466E-06  0.417943E-02
  0.000000E+00  0.524741E-01 -0.488564E-03  0.000000E+00  0.518765E-02  0.490280E-03  0.493174E-09 -0.547058E-06  0.281209E-03
  0.000000E+00  0.524779E-01 -0.665423E-03  0.000000E+00  0.518539E-02  0.136874E-03  0.171998E-09 -0.113538E-06  0.490700E-04
  0.000000E+00  0.524349E-01 -0.612230E-03  0.000000E+00  0.514871E-02  0.470687E-05  0.615991E-11 -0.386093E-06 -0.273204E-04
  0.000000E+00  0.520738E-01 -0.450595E-03  0.000000E+00  0.514455E-02  0.000000E+00  0.000000E+00 -0.174225E-06 -0.735621E-05
  0.000000E+00  0.520311E-01 -0.396871E-03  0.000000E+00  0.514076E-02  0.000000E+00  0.000000E+00  0.519960E-06 -0.526680E-05
  0.000000E+00  0.519918E-01 -0.365852E-03  0.000000E+00  0.513630E-02  0.000000E+00  0.000000E+00  0.178177E-05 -0.462524E-05
  0.000000E+00  0.519337E-01 -0.414493E-03  0.000000E+00  0.512884E-02  0.000000E+00  0.000000E+00  0.349456E-05 -0.124432E-04
  0.000000E+00  0.518187E-01  0.813081E-03  0.000000E+00  0.514749E-02  0.220536E-02  0.494257E-08  0.200971E-05  0.143691E-02
  0.000000E+00  0.540708E-01  0.143726E-01  0.000000E+00  0.544809E-02  0.266039E-01  0.681270E-07  0.290178E-04  0.163221E-01
  0.000000E+00  0.561955E-01  0.149362E-01  0.000000E+00  0.615002E-02  0.280927E-01  0.451493E-07  0.191362E-04  0.170463E-01
  0.000000E+00  0.589826E-01  0.109659E-01  0.000000E+00  0.658858E-02  0.209595E-01  0.275414E-07  0.147934E-04  0.128140E-01
  0.000000E+00  0.624892E-01  0.348602E-02  0.000000E+00  0.674172E-02  0.870139E-02  0.545538E-08 -0.210892E-06  0.522602E-02
  0.000000E+00  0.631460E-01 -0.912174E-03  0.000000E+00  0.674808E-02  0.594549E-03  0.575313E-09 -0.552284E-06  0.337345E-03
  0.000000E+00  0.631631E-01 -0.107951E-02  0.000000E+00  0.674559E-02  0.172637E-03  0.208152E-09 -0.108014E-06  0.619522E-04
  0.000000E+00  0.631143E-01 -0.107947E-02  0.000000E+00  0.669791E-02  0.112904E-04  0.378390E-10 -0.391551E-06 -0.481141E-04
  0.000000E+00  0.626800E-01 -0.106283E-02  0.000000E+00  0.669250E-02  0.105774E-06  0.576024E-11 -0.169404E-06 -0.588516E-04
  0.000000E+00  0.626286E-01 -0.996730E-03  0.000000E+00  0.668759E-02  0.000000E+00  0.000000E+00  0.531277E-06 -0.655284E-04
  0.000000E+00  0.625813E-01 -0.911148E-03  0.000000E+00  0.668182E-02  0.000000E+00  0.000000E+00  0.180500E-05 -0.664243E-04
  0.000000E+00  0.625113E-01 -0.851364E-03  0.000000E+00  0.667246E-02  0.000000E+00  0.000000E+00  0.351161E-05 -0.690926E-04
  0.000000E+00  0.631465E-01  0.616331E-02  0.000000E+00  0.687568E-02  0.108747E-01  0.227054E-07  0.598045E-05  0.713171E-02
  0.000000E+00  0.679941E-01  0.186412E-01  0.000000E+00  0.735540E-02  0.345481E-01  0.890164E-07  0.403803E-04  0.210304E-01
  0.000000E+00  0.724207E-01  0.195178E-01  0.000000E+00  0.800575E-02  0.363329E-01  0.587770E-07  0.220142E-04  0.220185E-01
  0.000000E+00  0.763586E-01  0.146444E-01  0.000000E+00  0.852068E-02  0.274439E-01  0.363755E-07  0.166528E-04  0.167431E-01
  0.000000E+00  0.801571E-01  0.512852E-02  0.000000E+00  0.867095E-02  0.116283E-01  0.691210E-08  0.421257E-06  0.696028E-02
  0.000000E+00  0.807787E-01 -0.131926E-02  0.000000E+00  0.867471E-02  0.784891E-03  0.751700E-09 -0.549343E-06  0.443278E-03
  0.000000E+00  0.807729E-01 -0.153459E-02  0.000000E+00  0.867033E-02  0.224848E-03  0.263457E-09 -0.110098E-06  0.772845E-04
  0.000000E+00  0.807050E-01 -0.152652E-02  0.000000E+00  0.860902E-02  0.144344E-04  0.458300E-10 -0.403719E-06 -0.678311E-04
  0.000000E+00  0.801496E-01 -0.148116E-02  0.000000E+00  0.860207E-02  0.138564E-06  0.779874E-11 -0.170293E-06 -0.791031E-04
  0.000000E+00  0.800839E-01 -0.138859E-02  0.000000E+00  0.859575E-02  0.000000E+00  0.000000E+00  0.537274E-06 -0.881115E-04
  0.000000E+00  0.800233E-01 -0.126893E-02  0.000000E+00  0.858834E-02  0.000000E+00  0.000000E+00  0.181459E-05 -0.893166E-04
  0.000000E+00  0.799340E-01 -0.118452E-02  0.000000E+00  0.857636E-02  0.000000E+00  0.000000E+00  0.351259E-05 -0.929549E-04
  0.000000E+00  0.803454E-01  0.783861E-02  0.000000E+00  0.871184E-02  0.140853E-01  0.293270E-07  0.628685E-05  0.920951E-02
  0.000000E+00  0.814105E-01  0.218334E-01  0.000000E+00  0.993272E-02  0.413984E-01  0.106687E-06  0.414810E-04  0.250973E-01
  0.000000E+00  0.863409E-01  0.229740E-01  0.000000E+00  0.107669E-01  0.431591E-01  0.704583E-07  0.233697E-04  0.262114E-01
  0.000000E+00  0.947041E-01  0.182361E-01  0.000000E+00  0.112924E-01  0.340791E-01  0.457205E-07  0.168080E-04  0.208100E-01
  0.000000E+00  0.986508E-01  0.633583E-02  0.000000E+00  0.114505E-01  0.141908E-01  0.838343E-08  0.571814E-06  0.849435E-02
  0.000000E+00  0.993102E-01 -0.163578E-02  0.000000E+00  0.114533E-01  0.958899E-03  0.887210E-09 -0.569877E-06  0.542488E-03
  0.000000E+00  0.992969E-01 -0.189287E-02  0.000000E+00  0.114470E-01  0.279408E-03  0.319505E-09 -0.115490E-06  0.985497E-04
  0.000000E+00  0.992124E-01 -0.188363E-02  0.000000E+00  0.113661E-01  0.176801E-04  0.535909E-10 -0.416793E-06 -0.816339E-04
  0.000000E+00  0.985296E-01 -0.182554E-02  0.000000E+00  0.113569E-01  0.176271E-05  0.139385E-10 -0.170029E-06 -0.940494E-04
  0.000000E+00  0.984487E-01 -0.171096E-02  0.000000E+00  0.113483E-01  0.000000E+00  0.000000E+00  0.569335E-06 -0.106473E-03
  0.000000E+00  0.983717E-01 -0.156193E-02  0.000000E+00  0.113386E-01  0.000000E+00  0.000000E+00  0.188930E-05 -0.107937E-03
  0.000000E+00  0.982619E-01 -0.145850E-02  0.000000E+00  0.113233E-01  0.000000E+00  0.000000E+00  0.351676E-05 -0.112393E-03
  0.000000E+00  0.989200E-01  0.108328E-01  0.000000E+00  0.115052E-01  0.192744E-01  0.398664E-07  0.689947E-05  0.125714E-01
  0.000000E+00  0.100528E+00  0.269133E-01  0.000000E+00  0.129168E-01  0.510284E-01  0.131553E-06  0.416124E-04  0.309185E-01
  0.000000E+00  0.106303E+00  0.281487E-01  0.000000E+00  0.138764E-01  0.530456E-01  0.871888E-07  0.237993E-04  0.321790E-01
  0.000000E+00  0.115370E+00  0.221509E-01  0.000000E+00  0.143964E-01  0.416336E-01  0.559874E-07  0.174371E-04  0.253711E-01
  0.000000E+00  0.118800E+00  0.795181E-02  0.000000E+00  0.145022E-01  0.176295E-01  0.104767E-07  0.950149E-06  0.105419E-01
  0.000000E+00  0.119163E+00 -0.181461E-02  0.000000E+00  0.144967E-01  0.130224E-02  0.118034E-08 -0.429693E-06  0.752414E-03
  0.000000E+00  0.119092E+00 -0.234962E-02  0.000000E+00  0.144860E-01  0.327294E-03  0.366430E-09 -0.120572E-06  0.119411E-03
  0.000000E+00  0.118977E+00 -0.235331E-02  0.000000E+00  0.143835E-01  0.209781E-04  0.613657E-10 -0.428243E-06 -0.951794E-04
  0.000000E+00  0.118158E+00 -0.229880E-02  0.000000E+00  0.143719E-01  0.343677E-04  0.401578E-10 -0.165777E-06 -0.933584E-04
  0.000000E+00  0.118062E+00 -0.218155E-02  0.000000E+00  0.143614E-01  0.000000E+00  0.000000E+00  0.549380E-06 -0.134845E-03
  0.000000E+00  0.117972E+00 -0.199258E-02  0.000000E+00  0.143491E-01  0.000000E+00  0.000000E+00  0.184007E-05 -0.136740E-03
  0.000000E+00  0.117841E+00 -0.184916E-02  0.000000E+00  0.143303E-01  0.000000E+00  0.000000E+00  0.351228E-05 -0.142790E-03
  0.000000E+00  0.117658E+00  0.130386E-01  0.000000E+00  0.150601E-01  0.234100E-01  0.489551E-07  0.682534E-05  0.152414E-01
  0.000000E+00  0.123038E+00  0.326767E-01  0.000000E+00  0.160602E-01  0.619339E-01  0.160350E-06  0.408055E-04  0.375938E-01
  0.000000E+00  0.128410E+00  0.339513E-01  0.000000E+00  0.178637E-01  0.643783E-01  0.105222E-06  0.245255E-04  0.389539E-01
  0.000000E+00  0.133913E+00  0.254576E-01  0.000000E+00  0.186927E-01  0.481679E-01  0.654877E-07  0.177837E-04  0.293888E-01
  0.000000E+00  0.140116E+00  0.930862E-02  0.000000E+00  0.189418E-01  0.207873E-01  0.122955E-07  0.981354E-06  0.124456E-01
  0.000000E+00  0.141207E+00 -0.231142E-02  0.000000E+00  0.189470E-01  0.156395E-02  0.139451E-08 -0.442873E-06  0.908324E-03
  0.000000E+00  0.141197E+00 -0.291891E-02  0.000000E+00  0.189365E-01  0.413010E-03  0.452031E-09 -0.980135E-07  0.162781E-03
  0.000000E+00  0.141079E+00 -0.291059E-02  0.000000E+00  0.188027E-01  0.257131E-04  0.725862E-10 -0.443940E-06 -0.106501E-03
  0.000000E+00  0.140110E+00 -0.281734E-02  0.000000E+00  0.187879E-01  0.532406E-04  0.766199E-10 -0.176184E-06 -0.939568E-04
  0.000000E+00  0.139998E+00 -0.267336E-02  0.000000E+00  0.187742E-01  0.000000E+00  0.000000E+00  0.609140E-06 -0.153256E-03
  0.000000E+00  0.139892E+00 -0.243270E-02  0.000000E+00  0.187583E-01  0.000000E+00  0.000000E+00  0.200819E-05 -0.155397E-03
  0.000000E+00  0.139737E+00 -0.221319E-02  0.000000E+00  0.187346E-01  0.000000E+00  0.000000E+00  0.375291E-05 -0.162461E-03
  0.000000E+00  0.141354E+00  0.189965E-01  0.000000E+00  0.191783E-01  0.331668E-01  0.724796E-07  0.813758E-05  0.215554E-01
  0.000000E+00  0.143771E+00  0.379719E-01  0.000000E+00  0.213268E-01  0.721322E-01  0.186726E-06  0.410675E-04  0.437443E-01
  0.000000E+00  0.151115E+00  0.398464E-01  0.000000E+00  0.225188E-01  0.752428E-01  0.124705E-06  0.244541E-04  0.456423E-01
  0.000000E+00  0.160619E+00  0.307591E-01  0.000000E+00  0.234326E-01  0.579994E-01  0.792308E-07  0.181703E-04  0.353276E-01
  0.000000E+00  0.164158E+00  0.111139E-01  0.000000E+00  0.237612E-01  0.247394E-01  0.147397E-07  0.122065E-05  0.147894E-01
  0.000000E+00  0.165446E+00 -0.281215E-02  0.000000E+00  0.237619E-01  0.186979E-02  0.163071E-08 -0.449383E-06  0.108180E-02
  0.000000E+00  0.165408E+00 -0.355657E-02  0.000000E+00  0.237472E-01  0.495084E-03  0.530761E-09 -0.699164E-07  0.185608E-03
  0.000000E+00  0.165264E+00 -0.347482E-02  0.000000E+00  0.235792E-01  0.306954E-04  0.850838E-10 -0.460824E-06 -0.129126E-03
  0.000000E+00  0.164128E+00 -0.336049E-02  0.000000E+00  0.235606E-01  0.662638E-04  0.101516E-09 -0.184982E-06 -0.112206E-03
  0.000000E+00  0.163996E+00 -0.319049E-02  0.000000E+00  0.235434E-01  0.000000E+00  0.000000E+00  0.696427E-06 -0.185489E-03
  0.000000E+00  0.163872E+00 -0.290155E-02  0.000000E+00  0.235235E-01  0.000000E+00  0.000000E+00  0.225204E-05 -0.188055E-03
  0.000000E+00  0.163695E+00 -0.168626E-02  0.000000E+00  0.235058E-01  0.974201E-03  0.276338E-08  0.409067E-05  0.740520E-03
  0.000000E+00  0.163855E+00  0.224212E-01  0.000000E+00  0.247437E-01  0.394473E-01  0.869797E-07  0.978781E-05  0.253110E-01
  0.000000E+00  0.170100E+00  0.450196E-01  0.000000E+00  0.263349E-01  0.851155E-01  0.220219E-06  0.436738E-04  0.516367E-01
  0.000000E+00  0.177301E+00  0.467303E-01  0.000000E+00  0.284525E-01  0.883013E-01  0.146798E-06  0.258929E-04  0.534533E-01
  0.000000E+00  0.184358E+00  0.349769E-01  0.000000E+00  0.293556E-01  0.659350E-01  0.915198E-07  0.188083E-04  0.402225E-01
  0.000000E+00  0.189092E+00  0.129538E-01  0.000000E+00  0.298983E-01  0.284371E-01  0.170610E-07  0.120098E-05  0.169857E-01
  0.000000E+00  0.189187E+00 -0.293081E-02  0.000000E+00  0.299157E-01  0.213112E-02  0.184079E-08 -0.489032E-06  0.123678E-02
  0.000000E+00  0.189241E+00 -0.383210E-02  0.000000E+00  0.299014E-01  0.575282E-03  0.613792E-09 -0.672874E-07  0.224025E-03
  0.000000E+00  0.189099E+00 -0.384023E-02  0.000000E+00  0.296900E-01  0.351216E-04  0.955287E-10 -0.471602E-06 -0.146369E-03
  0.000000E+00  0.187801E+00 -0.373896E-02  0.000000E+00  0.296670E-01  0.779380E-04  0.121499E-09 -0.188432E-06 -0.125677E-03
  0.000000E+00  0.187718E+00 -0.305374E-02  0.000000E+00  0.296550E-01  0.686972E-03  0.123913E-08  0.105411E-05  0.322514E-03
  0.000000E+00  0.187679E+00 -0.312436E-02  0.000000E+00  0.296342E-01  0.268419E-03  0.451780E-09  0.242457E-05 -0.466158E-04
  0.000000E+00  0.187493E+00 -0.162364E-02  0.000000E+00  0.296374E-01  0.170667E-02  0.521843E-08  0.415372E-05  0.131495E-02
  0.000000E+00  0.189456E+00  0.259384E-01  0.000000E+00  0.309466E-01  0.461636E-01  0.102345E-06  0.109459E-04  0.295087E-01
  0.000000E+00  0.195135E+00  0.509400E-01  0.000000E+00  0.330754E-01  0.974449E-01  0.252742E-06  0.436070E-04  0.590766E-01
  0.000000E+00  0.203224E+00  0.530324E-01  0.000000E+00  0.350362E-01  0.100632E+00  0.169054E-06  0.268244E-04  0.609424E-01
  0.000000E+00  0.210530E+00  0.395507E-01  0.000000E+00  0.364526E-01  0.748392E-01  0.104616E-06  0.194379E-04  0.456135E-01
  0.000000E+00  0.214978E+00  0.145545E-01  0.000000E+00  0.368230E-01  0.320919E-01  0.193791E-07  0.129394E-05  0.191719E-01
  0.000000E+00  0.216344E+00 -0.319742E-02  0.000000E+00  0.368119E-01  0.245859E-02  0.209409E-08 -0.503312E-06  0.142875E-02
  0.000000E+00  0.216249E+00 -0.427342E-02  0.000000E+00  0.367858E-01  0.641973E-03  0.689166E-09 -0.494881E-07  0.246888E-03
  0.000000E+00  0.216048E+00 -0.432685E-02  0.000000E+00  0.365256E-01  0.406023E-04  0.110216E-09 -0.486006E-06 -0.167786E-03
  0.000000E+00  0.214561E+00 -0.422564E-02  0.000000E+00  0.364964E-01  0.933784E-04  0.140756E-09 -0.197178E-06 -0.141798E-03
  0.000000E+00  0.214399E+00 -0.354635E-02  0.000000E+00  0.364716E-01  0.721844E-03  0.125097E-08  0.110661E-05  0.301095E-03
  0.000000E+00  0.214274E+00 -0.175981E-02  0.000000E+00  0.365114E-01  0.303149E-02  0.626903E-08  0.283682E-05  0.177296E-02
  0.000000E+00  0.214082E+00 -0.111706E-02  0.000000E+00  0.365179E-01  0.332756E-02  0.970139E-08  0.442530E-05  0.238850E-02
  0.000000E+00  0.214050E+00  0.291646E-01  0.000000E+00  0.383968E-01  0.522381E-01  0.116386E-06  0.120215E-04  0.333682E-01
  0.000000E+00  0.221040E+00  0.571182E-01  0.000000E+00  0.405533E-01  0.109814E+00  0.284295E-06  0.449774E-04  0.665860E-01
  0.000000E+00  0.228737E+00  0.593702E-01  0.000000E+00  0.432205E-01  0.113255E+00  0.191348E-06  0.266253E-04  0.685595E-01
  0.000000E+00  0.236453E+00  0.443405E-01  0.000000E+00  0.442750E-01  0.840761E-01  0.119465E-06  0.193287E-04  0.512889E-01
  0.000000E+00  0.240249E+00  0.164463E-01  0.000000E+00  0.452992E-01  0.362528E-01  0.220805E-07  0.136573E-05  0.216403E-01
  0.000000E+00  0.240211E+00 -0.349664E-02  0.000000E+00  0.453135E-01  0.276238E-02  0.231391E-08 -0.504406E-06  0.160990E-02
  0.000000E+00  0.240269E+00 -0.469150E-02  0.000000E+00  0.452893E-01  0.753643E-03  0.787822E-09 -0.894120E-08  0.306333E-03
  0.000000E+00  0.240088E+00 -0.480166E-02  0.000000E+00  0.449693E-01  0.464713E-04  0.125388E-09 -0.493067E-06 -0.180601E-03
  0.000000E+00  0.238440E+00 -0.469360E-02  0.000000E+00  0.449344E-01  0.108099E-03  0.159309E-09 -0.200931E-06 -0.149489E-03
  0.000000E+00  0.238333E+00 -0.395783E-02  0.000000E+00  0.449122E-01  0.812512E-03  0.145896E-08  0.106732E-05  0.345436E-03
  0.000000E+00  0.238558E+00 -0.106796E-02  0.000000E+00  0.449572E-01  0.452716E-02  0.952385E-08  0.301264E-05  0.287880E-02
  0.000000E+00  0.240867E+00  0.133736E-01  0.000000E+00  0.454944E-01  0.267296E-01  0.697763E-07  0.525862E-05  0.174233E-01
  0.000000E+00  0.243121E+00  0.351203E-01  0.000000E+00  0.475926E-01  0.608190E-01  0.135625E-06  0.165333E-04  0.387982E-01
  0.000000E+00  0.249702E+00  0.669635E-01  0.000000E+00  0.501510E-01  0.123317E+00  0.321236E-06  0.475770E-04  0.747384E-01
  0.000000E+00  0.257556E+00  0.679127E-01  0.000000E+00  0.529991E-01  0.126797E+00  0.216218E-06  0.271127E-04  0.767871E-01
  0.000000E+00  0.265367E+00  0.506366E-01  0.000000E+00  0.544541E-01  0.935546E-01  0.135107E-06  0.192706E-04  0.571237E-01
  0.000000E+00  0.270008E+00  0.194493E-01  0.000000E+00  0.552287E-01  0.398930E-01  0.252883E-07  0.109669E-05  0.238236E-01
  0.000000E+00  0.270321E+00 -0.216072E-02  0.000000E+00  0.552333E-01  0.282306E-02  0.226788E-08 -0.713783E-06  0.162924E-02
  0.000000E+00  0.270371E+00 -0.333822E-02  0.000000E+00  0.552020E-01  0.850572E-03  0.888097E-09 -0.279032E-07  0.361099E-03
  0.000000E+00  0.270163E+00 -0.372448E-02  0.000000E+00  0.548119E-01  0.519731E-04  0.137611E-09 -0.510064E-06 -0.180650E-03
  0.000000E+00  0.268309E+00 -0.366518E-02  0.000000E+00  0.547693E-01  0.123740E-03  0.184320E-09 -0.205903E-06 -0.128189E-03
  0.000000E+00  0.268181E+00 -0.315452E-02  0.000000E+00  0.547404E-01  0.931749E-03  0.168121E-08  0.106940E-05  0.414638E-03
  0.000000E+00  0.268382E+00 -0.100915E-03  0.000000E+00  0.547762E-01  0.518395E-02  0.110412E-07  0.302641E-05  0.331178E-02
  0.000000E+00  0.269449E+00  0.143910E-01  0.000000E+00  0.557277E-01  0.303512E-01  0.810006E-07  0.505850E-05  0.197699E-01
  0.000000E+00  0.272108E+00  0.384109E-01  0.000000E+00  0.579493E-01  0.693850E-01  0.156643E-06  0.180764E-04  0.442084E-01
  0.000000E+00  0.278062E+00  0.698105E-01  0.000000E+00  0.606984E-01  0.128619E+00  0.394050E-06  0.303065E-04  0.771374E-01
  0.000000E+00  0.285309E+00  0.744930E-01  0.000000E+00  0.635760E-01  0.137468E+00  0.262902E-06  0.230933E-04  0.830722E-01
  0.000000E+00  0.292774E+00  0.554630E-01  0.000000E+00  0.653482E-01  0.101923E+00  0.163129E-06  0.163898E-04  0.622122E-01
  0.000000E+00  0.297616E+00  0.207557E-01  0.000000E+00  0.660333E-01  0.441742E-01  0.281033E-07  0.107398E-05  0.263920E-01
  0.000000E+00  0.298361E+00 -0.317911E-02  0.000000E+00  0.660314E-01  0.316312E-02  0.249670E-08 -0.724566E-06  0.182811E-02
  0.000000E+00  0.298395E+00 -0.447114E-02  0.000000E+00  0.659916E-01  0.952024E-03  0.987926E-09  0.561368E-08  0.409070E-03
  0.000000E+00  0.298158E+00 -0.485542E-02  0.000000E+00  0.655252E-01  0.586789E-04  0.155205E-09 -0.516748E-06 -0.193701E-03
  0.000000E+00  0.296111E+00 -0.476701E-02  0.000000E+00  0.654739E-01  0.142098E-03  0.206189E-09 -0.205857E-06 -0.135965E-03
  0.000000E+00  0.295954E+00 -0.408654E-02  0.000000E+00  0.654368E-01  0.114195E-02  0.212879E-08  0.124691E-05  0.570932E-03
  0.000000E+00  0.296090E+00 -0.777278E-03  0.000000E+00  0.654677E-01  0.581090E-02  0.123471E-07  0.334868E-05  0.368267E-02
  0.000000E+00  0.296290E+00  0.146498E-01  0.000000E+00  0.666461E-01  0.333977E-01  0.889516E-07  0.534328E-05  0.217532E-01
  0.000000E+00  0.299208E+00  0.413474E-01  0.000000E+00  0.690835E-01  0.766318E-01  0.173013E-06  0.194467E-04  0.488102E-01
  0.000000E+00  0.305010E+00  0.750059E-01  0.000000E+00  0.721597E-01  0.140452E+00  0.435011E-06  0.294112E-04  0.841591E-01
  0.000000E+00  0.312200E+00  0.798336E-01  0.000000E+00  0.752349E-01  0.149418E+00  0.292488E-06  0.222007E-04  0.901972E-01
  0.000000E+00  0.319545E+00  0.594708E-01  0.000000E+00  0.772071E-01  0.110610E+00  0.183846E-06  0.155761E-04  0.674411E-01
  0.000000E+00  0.324381E+00  0.221355E-01  0.000000E+00  0.779156E-01  0.482745E-01  0.308859E-07  0.115172E-05  0.288176E-01
  0.000000E+00  0.325227E+00 -0.400332E-02  0.000000E+00  0.779062E-01  0.347176E-02  0.277187E-08 -0.721079E-06  0.199771E-02
  0.000000E+00  0.325242E+00 -0.548393E-02  0.000000E+00  0.778569E-01  0.101781E-02  0.107598E-08  0.271404E-08  0.414877E-03
  0.000000E+00  0.324976E+00 -0.580221E-02  0.000000E+00  0.773065E-01  0.631196E-04  0.168888E-09 -0.523232E-06 -0.222048E-03
  0.000000E+00  0.322744E+00 -0.579431E-02  0.000000E+00  0.772458E-01  0.157675E-03  0.232367E-09 -0.203706E-06 -0.177034E-03
  0.000000E+00  0.322560E+00 -0.506878E-02  0.000000E+00  0.771993E-01  0.115687E-02  0.209955E-08  0.118043E-05  0.510809E-03
  0.000000E+00  0.322638E+00 -0.128731E-02  0.000000E+00  0.772461E-01  0.638214E-02  0.136164E-07  0.328668E-05  0.406361E-02
  0.000000E+00  0.322794E+00  0.155902E-01  0.000000E+00  0.785353E-01  0.367474E-01  0.982711E-07  0.537527E-05  0.239291E-01
  0.000000E+00  0.325577E+00  0.459738E-01  0.000000E+00  0.812412E-01  0.841472E-01  0.192811E-06  0.213520E-04  0.535499E-01
  0.000000E+00  0.331321E+00  0.790694E-01  0.000000E+00  0.843744E-01  0.149014E+00  0.493616E-06  0.243440E-04  0.888666E-01
  0.000000E+00  0.338037E+00  0.857850E-01  0.000000E+00  0.878483E-01  0.161675E+00  0.322737E-06  0.219282E-04  0.975391E-01
  0.000000E+00  0.345374E+00  0.640975E-01  0.000000E+00  0.899388E-01  0.119833E+00  0.200654E-06  0.154197E-04  0.730903E-01
  0.000000E+00  0.350273E+00  0.240006E-01  0.000000E+00  0.907792E-01  0.530251E-01  0.340615E-07  0.130032E-05  0.316436E-01
  0.000000E+00  0.350954E+00 -0.465475E-02  0.000000E+00  0.907640E-01  0.380810E-02  0.298554E-08 -0.720761E-06  0.218896E-02
  0.000000E+00  0.350977E+00 -0.624717E-02  0.000000E+00  0.907065E-01  0.115270E-02  0.119827E-08  0.574111E-07  0.478194E-03
  0.000000E+00  0.350695E+00 -0.660050E-02  0.000000E+00  0.900654E-01  0.705600E-04  0.189509E-09 -0.523711E-06 -0.243889E-03
  0.000000E+00  0.348287E+00 -0.653079E-02  0.000000E+00  0.899947E-01  0.175434E-03  0.253096E-09 -0.198638E-06 -0.185094E-03
  0.000000E+00  0.348095E+00 -0.575324E-02  0.000000E+00  0.899405E-01  0.125334E-02  0.227321E-08  0.126554E-05  0.555466E-03
  0.000000E+00  0.348229E+00 -0.163351E-02  0.000000E+00  0.899467E-01  0.693442E-02  0.148252E-07  0.350274E-05  0.441653E-02
  0.000000E+00  0.348429E+00  0.164028E-01  0.000000E+00  0.913442E-01  0.396529E-01  0.105962E-06  0.565050E-05  0.258248E-01
  0.000000E+00  0.351130E+00  0.498697E-01  0.000000E+00  0.943020E-01  0.914990E-01  0.211737E-06  0.216789E-04  0.581954E-01
  0.000000E+00  0.356801E+00  0.845173E-01  0.000000E+00  0.976754E-01  0.160308E+00  0.532303E-06  0.242048E-04  0.955608E-01
  0.000000E+00  0.363310E+00  0.914792E-01  0.000000E+00  0.101478E+00  0.173514E+00  0.348218E-06  0.218875E-04  0.104651E+00
  0.000000E+00  0.370649E+00  0.685048E-01  0.000000E+00  0.103677E+00  0.128542E+00  0.216551E-06  0.156316E-04  0.784073E-01
  0.000000E+00  0.375542E+00  0.256255E-01  0.000000E+00  0.104599E+00  0.571231E-01  0.371508E-07  0.139315E-05  0.340774E-01
  0.000000E+00  0.376154E+00 -0.516396E-02  0.000000E+00  0.104577E+00  0.414300E-02  0.325137E-08 -0.714320E-06  0.238342E-02
  0.000000E+00  0.376181E+00 -0.688092E-02  0.000000E+00  0.104510E+00  0.125544E-02  0.132059E-08  0.980690E-07  0.525896E-03
  0.000000E+00  0.375879E+00 -0.728633E-02  0.000000E+00  0.103772E+00  0.776040E-04  0.212196E-09 -0.519032E-06 -0.264504E-03
  0.000000E+00  0.373298E+00 -0.716694E-02  0.000000E+00  0.103690E+00  0.194488E-03  0.280318E-09 -0.190714E-06 -0.192073E-03
  0.000000E+00  0.373095E+00 -0.632857E-02  0.000000E+00  0.103627E+00  0.136586E-02  0.249824E-08  0.134296E-05  0.611151E-03
  0.000000E+00  0.373240E+00 -0.184484E-02  0.000000E+00  0.103634E+00  0.754494E-02  0.162239E-07  0.370848E-05  0.481080E-02
  0.000000E+00  0.373448E+00  0.175049E-01  0.000000E+00  0.105135E+00  0.427716E-01  0.114727E-06  0.590420E-05  0.278528E-01
  0.000000E+00  0.376034E+00  0.540154E-01  0.000000E+00  0.108315E+00  0.983591E-01  0.229718E-06  0.231086E-04  0.625015E-01
  0.000000E+00  0.381488E+00  0.895324E-01  0.000000E+00  0.111962E+00  0.170397E+00  0.574460E-06  0.228033E-04  0.101474E+00
  0.000000E+00  0.387925E+00  0.972157E-01  0.000000E+00  0.115959E+00  0.184865E+00  0.375297E-06  0.217387E-04  0.111466E+00
  0.000000E+00  0.395109E+00  0.726988E-01  0.000000E+00  0.118381E+00  0.136963E+00  0.232543E-06  0.152915E-04  0.835201E-01
  0.000000E+00  0.400011E+00  0.271455E-01  0.000000E+00  0.119312E+00  0.609564E-01  0.399950E-07  0.138989E-05  0.363587E-01
  0.000000E+00  0.400727E+00 -0.559914E-02  0.000000E+00  0.119280E+00  0.448281E-02  0.349512E-08 -0.712587E-06  0.258434E-02
  0.000000E+00  0.400735E+00 -0.745481E-02  0.000000E+00  0.119202E+00  0.135214E-02  0.141051E-08  0.106335E-06  0.570995E-03
  0.000000E+00  0.400409E+00 -0.787506E-02  0.000000E+00  0.118359E+00  0.834726E-04  0.226029E-09 -0.523805E-06 -0.277285E-03
  0.000000E+00  0.397659E+00 -0.775578E-02  0.000000E+00  0.118266E+00  0.209430E-03  0.300300E-09 -0.188660E-06 -0.201025E-03
  0.000000E+00  0.397435E+00 -0.671878E-02  0.000000E+00  0.118192E+00  0.160689E-02  0.304979E-08  0.144121E-05  0.799462E-03
  0.000000E+00  0.397552E+00 -0.206113E-02  0.000000E+00  0.118224E+00  0.814233E-02  0.175448E-07  0.382381E-05  0.514677E-02
  0.000000E+00  0.397692E+00  0.185277E-01  0.000000E+00  0.119814E+00  0.456821E-01  0.122639E-06  0.595542E-05  0.297480E-01
  0.000000E+00  0.400076E+00  0.574502E-01  0.000000E+00  0.123253E+00  0.104968E+00  0.246641E-06  0.230014E-04  0.666969E-01
  0.000000E+00  0.405483E+00  0.949349E-01  0.000000E+00  0.127110E+00  0.181121E+00  0.609059E-06  0.230935E-04  0.107848E+00
  0.000000E+00  0.411770E+00  0.102494E+00  0.000000E+00  0.131338E+00  0.195442E+00  0.399748E-06  0.218770E-04  0.117798E+00
  0.000000E+00  0.418816E+00  0.764615E-01  0.000000E+00  0.133896E+00  0.144472E+00  0.247904E-06  0.153359E-04  0.880571E-01
  0.000000E+00  0.423637E+00  0.284618E-01  0.000000E+00  0.134890E+00  0.646018E-01  0.430167E-07  0.158345E-05  0.385578E-01
  0.000000E+00  0.424346E+00 -0.677366E-02  0.000000E+00  0.134851E+00  0.496455E-02  0.387541E-08 -0.648447E-06  0.295165E-02
  0.000000E+00  0.424353E+00 -0.933250E-02  0.000000E+00  0.134761E+00  0.140890E-02  0.150987E-08  0.142147E-06  0.638082E-03
  0.000000E+00  0.424006E+00 -0.964893E-02  0.000000E+00  0.133808E+00  0.905658E-04  0.250838E-09 -0.512900E-06 -0.242657E-03
  0.000000E+00  0.421096E+00 -0.945514E-02  0.000000E+00  0.133703E+00  0.227736E-03  0.328304E-09 -0.175668E-06 -0.160786E-03
  0.000000E+00  0.420859E+00 -0.862292E-02  0.000000E+00  0.133619E+00  0.157580E-02  0.290925E-08  0.143753E-05  0.731912E-03
  0.000000E+00  0.420965E+00 -0.335723E-02  0.000000E+00  0.133664E+00  0.868755E-02  0.188636E-07  0.394127E-05  0.555455E-02
  0.000000E+00  0.421095E+00  0.196219E-01  0.000000E+00  0.135351E+00  0.486923E-01  0.131093E-06  0.620299E-05  0.317375E-01
  0.000000E+00  0.423384E+00  0.595965E-01  0.000000E+00  0.138941E+00  0.109581E+00  0.258452E-06  0.224545E-04  0.696419E-01
  0.000000E+00  0.428572E+00  0.100224E+00  0.000000E+00  0.143017E+00  0.190523E+00  0.645405E-06  0.219974E-04  0.113370E+00
  0.000000E+00  0.434674E+00  0.108626E+00  0.000000E+00  0.147490E+00  0.206353E+00  0.425261E-06  0.213008E-04  0.124343E+00
  0.000000E+00  0.441637E+00  0.811967E-01  0.000000E+00  0.150221E+00  0.152868E+00  0.263283E-06  0.149765E-04  0.931929E-01
  0.000000E+00  0.446434E+00  0.303340E-01  0.000000E+00  0.151277E+00  0.682015E-01  0.453181E-07  0.170408E-05  0.407140E-01
  0.000000E+00  0.447126E+00 -0.684886E-02  0.000000E+00  0.151229E+00  0.527229E-02  0.409706E-08 -0.638791E-06  0.313706E-02
  0.000000E+00  0.447136E+00 -0.951831E-02  0.000000E+00  0.151127E+00  0.155601E-02  0.164644E-08  0.206939E-06  0.721217E-03
  0.000000E+00  0.446774E+00 -0.984386E-02  0.000000E+00  0.150059E+00  0.981794E-04  0.274839E-09 -0.504694E-06 -0.242594E-03
  0.000000E+00  0.443707E+00 -0.972238E-02  0.000000E+00  0.149941E+00  0.244792E-03  0.347360E-09 -0.164405E-06 -0.163100E-03
  0.000000E+00  0.443455E+00 -0.887393E-02  0.000000E+00  0.149846E+00  0.165703E-02  0.306344E-08  0.150655E-05  0.769644E-03
  0.000000E+00  0.443542E+00 -0.331347E-02  0.000000E+00  0.149899E+00  0.920325E-02  0.200279E-07  0.412747E-05  0.588572E-02
  0.000000E+00  0.443647E+00  0.207988E-01  0.000000E+00  0.151668E+00  0.512865E-01  0.137972E-06  0.641870E-05  0.334295E-01
  0.000000E+00  0.445804E+00  0.628809E-01  0.000000E+00  0.155421E+00  0.114668E+00  0.271405E-06  0.232787E-04  0.728827E-01
  0.000000E+00  0.450818E+00  0.105095E+00  0.000000E+00  0.159701E+00  0.199758E+00  0.681818E-06  0.212899E-04  0.118799E+00
  0.000000E+00  0.456644E+00  0.113945E+00  0.000000E+00  0.164468E+00  0.216389E+00  0.450004E-06  0.211570E-04  0.130366E+00
  0.000000E+00  0.463567E+00  0.851244E-01  0.000000E+00  0.167265E+00  0.160245E+00  0.278612E-06  0.148630E-04  0.976777E-01
  0.000000E+00  0.468299E+00  0.317856E-01  0.000000E+00  0.168412E+00  0.715531E-01  0.482784E-07  0.170629E-05  0.427118E-01
  0.000000E+00  0.468887E+00 -0.701204E-02  0.000000E+00  0.168352E+00  0.558374E-02  0.436502E-08 -0.631944E-06  0.332531E-02
  0.000000E+00  0.468889E+00 -0.983526E-02  0.000000E+00  0.168238E+00  0.164547E-02  0.175484E-08  0.212154E-06  0.767091E-03
  0.000000E+00  0.468509E+00 -0.101642E-01  0.000000E+00  0.167049E+00  0.104075E-03  0.290174E-09 -0.506305E-06 -0.246152E-03
  0.000000E+00  0.465293E+00 -0.100845E-01  0.000000E+00  0.166917E+00  0.258154E-03  0.372378E-09 -0.161254E-06 -0.166728E-03
  0.000000E+00  0.465031E+00 -0.920264E-02  0.000000E+00  0.166810E+00  0.176398E-02  0.329084E-08  0.150571E-05  0.826352E-03
  0.000000E+00  0.465156E+00 -0.331246E-02  0.000000E+00  0.166840E+00  0.979300E-02  0.214238E-07  0.413812E-05  0.626880E-02
  0.000000E+00  0.465278E+00  0.219892E-01  0.000000E+00  0.168707E+00  0.541865E-01  0.146714E-06  0.644555E-05  0.353190E-01
  0.000000E+00  0.467360E+00  0.657456E-01  0.000000E+00  0.172649E+00  0.120444E+00  0.287123E-06  0.230743E-04  0.765274E-01
  0.000000E+00  0.472136E+00  0.109595E+00  0.000000E+00  0.177210E+00  0.208926E+00  0.710633E-06  0.216517E-04  0.124226E+00
  0.000000E+00  0.478014E+00  0.118919E+00  0.000000E+00  0.182045E+00  0.226392E+00  0.471639E-06  0.210897E-04  0.136372E+00
  0.000000E+00  0.484715E+00  0.889283E-01  0.000000E+00  0.185114E+00  0.167570E+00  0.290422E-06  0.149778E-04  0.102141E+00
  0.000000E+00  0.489406E+00  0.332767E-01  0.000000E+00  0.186237E+00  0.750738E-01  0.509844E-07  0.177133E-05  0.448058E-01
  0.000000E+00  0.490131E+00 -0.729187E-02  0.000000E+00  0.186165E+00  0.590449E-02  0.459865E-08 -0.616966E-06  0.351783E-02
  0.000000E+00  0.490122E+00 -0.102469E-01  0.000000E+00  0.186037E+00  0.173787E-02  0.184752E-08  0.257123E-06  0.813836E-03
  0.000000E+00  0.489721E+00 -0.106097E-01  0.000000E+00  0.184723E+00  0.110878E-03  0.314781E-09 -0.497829E-06 -0.255192E-03
  0.000000E+00  0.486359E+00 -0.105208E-01  0.000000E+00  0.184577E+00  0.271820E-03  0.390074E-09 -0.147941E-06 -0.170472E-03
  0.000000E+00  0.486075E+00 -0.944039E-02  0.000000E+00  0.184455E+00  0.201803E-02  0.390462E-08  0.165981E-05  0.103774E-02
  0.000000E+00  0.486108E+00 -0.346415E-02  0.000000E+00  0.184534E+00  0.103209E-01  0.226954E-07  0.439148E-05  0.654979E-02
  0.000000E+00  0.486150E+00  0.228514E-01  0.000000E+00  0.186470E+00  0.566068E-01  0.152962E-06  0.664303E-05  0.369112E-01
  0.000000E+00  0.488049E+00  0.697515E-01  0.000000E+00  0.190625E+00  0.126360E+00  0.301523E-06  0.238442E-04  0.802502E-01
  0.000000E+00  0.492739E+00  0.113943E+00  0.000000E+00  0.195345E+00  0.217583E+00  0.748627E-06  0.204846E-04  0.129274E+00
  0.000000E+00  0.498344E+00  0.123115E+00  0.000000E+00  0.200431E+00  0.234945E+00  0.494710E-06  0.208984E-04  0.141444E+00
  0.000000E+00  0.504961E+00  0.918704E-01  0.000000E+00  0.203521E+00  0.173803E+00  0.305526E-06  0.147048E-04  0.105868E+00
  0.000000E+00  0.509594E+00  0.342517E-01  0.000000E+00  0.204685E+00  0.778181E-01  0.538029E-07  0.176054E-05  0.464259E-01
  0.000000E+00  0.510254E+00 -0.765032E-02  0.000000E+00  0.204601E+00  0.617820E-02  0.490130E-08 -0.604970E-06  0.368209E-02
  0.000000E+00  0.510236E+00 -0.107589E-01  0.000000E+00  0.204458E+00  0.175821E-02  0.191351E-08  0.242970E-06  0.814067E-03
  0.000000E+00  0.509813E+00 -0.110899E-01  0.000000E+00  0.203014E+00  0.115222E-03  0.329137E-09 -0.499182E-06 -0.261524E-03
  0.000000E+00  0.506314E+00 -0.110653E-01  0.000000E+00  0.202853E+00  0.286414E-03  0.415586E-09 -0.142036E-06 -0.178968E-03
  0.000000E+00  0.506015E+00 -0.100859E-01  0.000000E+00  0.202721E+00  0.193980E-02  0.364936E-08  0.155979E-05  0.914527E-03
  0.000000E+00  0.506034E+00 -0.361722E-02  0.000000E+00  0.202794E+00  0.107909E-01  0.239165E-07  0.430509E-05  0.691135E-02
  0.000000E+00  0.506065E+00  0.237977E-01  0.000000E+00  0.204815E+00  0.592843E-01  0.161496E-06  0.664685E-05  0.386486E-01
  0.000000E+00  0.507878E+00  0.720047E-01  0.000000E+00  0.209135E+00  0.131470E+00  0.317026E-06  0.235017E-04  0.834645E-01
  0.000000E+00  0.512418E+00  0.117776E+00  0.000000E+00  0.214031E+00  0.225783E+00  0.775825E-06  0.207647E-04  0.134113E+00
  0.000000E+00  0.517862E+00  0.127695E+00  0.000000E+00  0.219331E+00  0.244416E+00  0.515459E-06  0.208186E-04  0.147147E+00
  0.000000E+00  0.524397E+00  0.956994E-01  0.000000E+00  0.222576E+00  0.181195E+00  0.316250E-06  0.148004E-04  0.110407E+00
  0.000000E+00  0.528951E+00  0.358654E-01  0.000000E+00  0.223840E+00  0.815040E-01  0.563443E-07  0.180727E-05  0.486300E-01
  0.000000E+00  0.529544E+00 -0.793687E-02  0.000000E+00  0.223742E+00  0.648824E-02  0.514571E-08 -0.581766E-06  0.386969E-02
  0.000000E+00  0.529522E+00 -0.111237E-01  0.000000E+00  0.223586E+00  0.191434E-02  0.205175E-08  0.309726E-06  0.905881E-03
  0.000000E+00  0.529087E+00 -0.115313E-01  0.000000E+00  0.222006E+00  0.124512E-03  0.355486E-09 -0.488688E-06 -0.267228E-03
  0.000000E+00  0.525456E+00 -0.114909E-01  0.000000E+00  0.221831E+00  0.298301E-03  0.431187E-09 -0.129516E-06 -0.180930E-03
  0.000000E+00  0.525147E+00 -0.104993E-01  0.000000E+00  0.221685E+00  0.200775E-02  0.378383E-08  0.160718E-05  0.946884E-03
  0.000000E+00  0.525206E+00 -0.375676E-02  0.000000E+00  0.221730E+00  0.112531E-01  0.250349E-07  0.443856E-05  0.720907E-02
  0.000000E+00  0.525243E+00  0.244560E-01  0.000000E+00  0.223817E+00  0.614283E-01  0.167504E-06  0.680213E-05  0.400442E-01
  0.000000E+00  0.526960E+00  0.749266E-01  0.000000E+00  0.228317E+00  0.136949E+00  0.331672E-06  0.237820E-04  0.869284E-01
  0.000000E+00  0.531250E+00  0.121934E+00  0.000000E+00  0.233491E+00  0.234149E+00  0.805896E-06  0.207260E-04  0.139086E+00
  0.000000E+00  0.536791E+00  0.132072E+00  0.000000E+00  0.238807E+00  0.253243E+00  0.535851E-06  0.208280E-04  0.152439E+00
  0.000000E+00  0.543103E+00  0.988367E-01  0.000000E+00  0.242302E+00  0.187699E+00  0.329959E-06  0.146706E-04  0.114333E+00
  0.000000E+00  0.547598E+00  0.369841E-01  0.000000E+00  0.243529E+00  0.844098E-01  0.591334E-07  0.179348E-05  0.503527E-01
  0.000000E+00  0.548309E+00 -0.832379E-02  0.000000E+00  0.243417E+00  0.680054E-02  0.544936E-08 -0.565226E-06  0.405724E-02
  0.000000E+00  0.548277E+00 -0.116423E-01  0.000000E+00  0.243246E+00  0.199937E-02  0.216355E-08  0.314542E-06  0.950656E-03
  0.000000E+00  0.547823E+00 -0.120618E-01  0.000000E+00  0.241527E+00  0.128758E-03  0.371978E-09 -0.488673E-06 -0.274474E-03
  0.000000E+00  0.544061E+00 -0.119898E-01  0.000000E+00  0.241336E+00  0.312370E-03  0.455401E-09 -0.126265E-06 -0.181017E-03
  0.000000E+00  0.543730E+00 -0.109570E-01  0.000000E+00  0.241176E+00  0.210539E-02  0.400379E-08  0.159823E-05  0.999528E-03
  0.000000E+00  0.543688E+00 -0.391771E-02  0.000000E+00  0.241265E+00  0.117642E-01  0.263730E-07  0.443025E-05  0.754166E-02
  0.000000E+00  0.543661E+00  0.254585E-01  0.000000E+00  0.243429E+00  0.640629E-01  0.175669E-06  0.672998E-05  0.417603E-01
  0.000000E+00  0.545289E+00  0.768638E-01  0.000000E+00  0.248078E+00  0.141579E+00  0.345720E-06  0.233473E-04  0.898527E-01
  0.000000E+00  0.549298E+00  0.125745E+00  0.000000E+00  0.253526E+00  0.242084E+00  0.830451E-06  0.212886E-04  0.143801E+00
  0.000000E+00  0.554820E+00  0.135970E+00  0.000000E+00  0.258918E+00  0.261444E+00  0.554588E-06  0.208122E-04  0.157341E+00
  0.000000E+00  0.560990E+00  0.101913E+00  0.000000E+00  0.262580E+00  0.193809E+00  0.341681E-06  0.147937E-04  0.118049E+00
  0.000000E+00  0.565433E+00  0.381579E-01  0.000000E+00  0.263796E+00  0.872877E-01  0.618345E-07  0.182998E-05  0.520597E-01
  0.000000E+00  0.566189E+00 -0.876722E-02  0.000000E+00  0.263669E+00  0.708280E-02  0.578637E-08 -0.538661E-06  0.422788E-02
  0.000000E+00  0.566141E+00 -0.121967E-01  0.000000E+00  0.263482E+00  0.209459E-02  0.228204E-08  0.355872E-06  0.100151E-02
  0.000000E+00  0.565669E+00 -0.126384E-01  0.000000E+00  0.261620E+00  0.137473E-03  0.399131E-09 -0.477653E-06 -0.280653E-03
  0.000000E+00  0.561785E+00 -0.125311E-01  0.000000E+00  0.261413E+00  0.324822E-03  0.480813E-09 -0.112156E-06 -0.181623E-03
  0.000000E+00  0.561439E+00 -0.112518E-01  0.000000E+00  0.261234E+00  0.239970E-02  0.477329E-08  0.172914E-05  0.125172E-02
  0.000000E+00  0.561355E+00 -0.412100E-02  0.000000E+00  0.261344E+00  0.123527E-01  0.279244E-07  0.462357E-05  0.785559E-02
  0.000000E+00  0.561297E+00  0.261093E-01  0.000000E+00  0.263564E+00  0.660589E-01  0.181215E-06  0.687185E-05  0.430621E-01
  0.000000E+00  0.562820E+00  0.803493E-01  0.000000E+00  0.268383E+00  0.146891E+00  0.361147E-06  0.237126E-04  0.932009E-01
  0.000000E+00  0.566704E+00  0.129535E+00  0.000000E+00  0.273994E+00  0.249606E+00  0.860857E-06  0.205838E-04  0.148192E+00
  0.000000E+00  0.572082E+00  0.139562E+00  0.000000E+00  0.279524E+00  0.268796E+00  0.574017E-06  0.206722E-04  0.161702E+00
  0.000000E+00  0.578115E+00  0.104279E+00  0.000000E+00  0.283268E+00  0.198981E+00  0.352578E-06  0.145911E-04  0.121110E+00
  0.000000E+00  0.582463E+00  0.390226E-01  0.000000E+00  0.284514E+00  0.896864E-01  0.644454E-07  0.181016E-05  0.534661E-01
  0.000000E+00  0.583190E+00 -0.919628E-02  0.000000E+00  0.284372E+00  0.732025E-02  0.600319E-08 -0.528298E-06  0.436854E-02
  0.000000E+00  0.583129E+00 -0.127733E-01  0.000000E+00  0.284169E+00  0.208174E-02  0.230283E-08  0.338024E-06  0.981824E-03
  0.000000E+00  0.582637E+00 -0.131503E-01  0.000000E+00  0.282160E+00  0.140787E-03  0.411963E-09 -0.480036E-06 -0.285228E-03
  0.000000E+00  0.578636E+00 -0.130234E-01  0.000000E+00  0.281937E+00  0.336973E-03  0.493924E-09 -0.109544E-06 -0.180863E-03
  0.000000E+00  0.578275E+00 -0.119514E-01  0.000000E+00  0.281747E+00  0.225422E-02  0.433855E-08  0.163061E-05  0.107631E-02
  0.000000E+00  0.578182E+00 -0.434222E-02  0.000000E+00  0.281846E+00  0.126996E-01  0.288389E-07  0.452898E-05  0.814748E-02
  0.000000E+00  0.578101E+00  0.269925E-01  0.000000E+00  0.284139E+00  0.684308E-01  0.189155E-06  0.685918E-05  0.446046E-01
  0.000000E+00  0.579552E+00  0.825652E-01  0.000000E+00  0.289091E+00  0.151197E+00  0.375226E-06  0.233230E-04  0.958927E-01
  0.000000E+00  0.583285E+00  0.132664E+00  0.000000E+00  0.294846E+00  0.256323E+00  0.885706E-06  0.205869E-04  0.152126E+00
  0.000000E+00  0.588521E+00  0.143357E+00  0.000000E+00  0.300541E+00  0.276715E+00  0.592219E-06  0.205264E-04  0.166450E+00
  0.000000E+00  0.594455E+00  0.107538E+00  0.000000E+00  0.304424E+00  0.205454E+00  0.365086E-06  0.145333E-04  0.125072E+00
  0.000000E+00  0.598759E+00  0.404227E-01  0.000000E+00  0.305720E+00  0.928948E-01  0.671015E-07  0.185016E-05  0.553853E-01
  0.000000E+00  0.599468E+00 -0.962284E-02  0.000000E+00  0.305564E+00  0.761994E-02  0.633017E-08 -0.495231E-06  0.454997E-02
  0.000000E+00  0.599410E+00 -0.132747E-01  0.000000E+00  0.305345E+00  0.224256E-02  0.247604E-08  0.398293E-06  0.107877E-02
  0.000000E+00  0.598908E+00 -0.137125E-01  0.000000E+00  0.303187E+00  0.152132E-03  0.439854E-09 -0.467135E-06 -0.288385E-03
  0.000000E+00  0.594795E+00 -0.135340E-01  0.000000E+00  0.302947E+00  0.348808E-03  0.517574E-09 -0.961961E-07 -0.179774E-03
  0.000000E+00  0.594422E+00 -0.124422E-01  0.000000E+00  0.302742E+00  0.233210E-02  0.452206E-08  0.166538E-05  0.111789E-02
  0.000000E+00  0.594307E+00 -0.455481E-02  0.000000E+00  0.302846E+00  0.131592E-01  0.300988E-07  0.462813E-05  0.844710E-02
  0.000000E+00  0.594212E+00  0.277504E-01  0.000000E+00  0.305200E+00  0.705900E-01  0.195937E-06  0.697676E-05  0.460128E-01
  0.000000E+00  0.595581E+00  0.848089E-01  0.000000E+00  0.310292E+00  0.155599E+00  0.388544E-06  0.234416E-04  0.986644E-01
  0.000000E+00  0.599181E+00  0.136047E+00  0.000000E+00  0.316196E+00  0.263175E+00  0.910410E-06  0.207199E-04  0.156174E+00
  0.000000E+00  0.604287E+00  0.147067E+00  0.000000E+00  0.322044E+00  0.284157E+00  0.609893E-06  0.205498E-04  0.170921E+00
  0.000000E+00  0.610119E+00  0.110217E+00  0.000000E+00  0.326027E+00  0.210821E+00  0.373277E-06  0.145270E-04  0.128328E+00
  0.000000E+00  0.614353E+00  0.414228E-01  0.000000E+00  0.327006E+00  0.954266E-01  0.695449E-07  0.182369E-05  0.568842E-01
  0.000000E+00  0.614943E+00 -0.102248E-01  0.000000E+00  0.326823E+00  0.783562E-02  0.655234E-08 -0.485084E-06  0.467812E-02
  0.000000E+00  0.614819E+00 -0.139683E-01  0.000000E+00  0.326585E+00  0.230756E-02  0.253915E-08  0.400733E-06  0.111335E-02
  0.000000E+00  0.614287E+00 -0.143705E-01  0.000000E+00  0.324277E+00  0.156767E-03  0.455568E-09 -0.467769E-06 -0.289419E-03
  0.000000E+00  0.610067E+00 -0.141946E-01  0.000000E+00  0.324020E+00  0.358189E-03  0.529401E-09 -0.918578E-07 -0.179570E-03
  0.000000E+00  0.609660E+00 -0.131030E-01  0.000000E+00  0.323797E+00  0.239435E-02  0.464368E-08  0.165646E-05  0.114988E-02
  0.000000E+00  0.609431E+00 -0.497348E-02  0.000000E+00  0.323819E+00  0.135495E-01  0.311368E-07  0.460842E-05  0.869984E-02
  0.000000E+00  0.609188E+00  0.278126E-01  0.000000E+00  0.325431E+00  0.724618E-01  0.201897E-06  0.693707E-05  0.472345E-01
  0.000000E+00  0.609719E+00  0.854342E-01  0.000000E+00  0.329037E+00  0.159612E+00  0.400590E-06  0.231369E-04  0.101183E+00
  0.000000E+00  0.611738E+00  0.134413E+00  0.000000E+00  0.333325E+00  0.268957E+00  0.929364E-06  0.208668E-04  0.159608E+00
  0.000000E+00  0.615187E+00  0.142106E+00  0.000000E+00  0.337575E+00  0.289144E+00  0.621712E-06  0.204721E-04  0.173900E+00
  0.000000E+00  0.619404E+00  0.105141E+00  0.000000E+00  0.340506E+00  0.214136E+00  0.380521E-06  0.145045E-04  0.130311E+00
  0.000000E+00  0.622567E+00  0.357554E-01  0.000000E+00  0.341460E+00  0.969244E-01  0.712613E-07  0.179134E-05  0.577700E-01
  0.000000E+00  0.622982E+00 -0.159473E-01  0.000000E+00  0.341265E+00  0.798406E-02  0.673536E-08 -0.468983E-06  0.477307E-02
  0.000000E+00  0.622852E+00 -0.198116E-01  0.000000E+00  0.341016E+00  0.234715E-02  0.260852E-08  0.405643E-06  0.113719E-02
  0.000000E+00  0.622315E+00 -0.197332E-01  0.000000E+00  0.338606E+00  0.160909E-03  0.465613E-09 -0.465824E-06 -0.281168E-03
  0.000000E+00  0.618041E+00 -0.194313E-01  0.000000E+00  0.338338E+00  0.365025E-03  0.544134E-09 -0.909136E-07 -0.176251E-03
  0.000000E+00  0.617640E+00 -0.181384E-01  0.000000E+00  0.338100E+00  0.267376E-02  0.542476E-08  0.173162E-05  0.140743E-02
  0.000000E+00  0.617463E+00 -0.984146E-02  0.000000E+00  0.338104E+00  0.138986E-01  0.321240E-07  0.465840E-05  0.885370E-02
  0.000000E+00  0.617222E+00  0.216868E-01  0.000000E+00  0.339738E+00  0.737928E-01  0.206153E-06  0.691506E-05  0.481029E-01
  0.000000E+00  0.617686E+00  0.818661E-01  0.000000E+00  0.343401E+00  0.162144E+00  0.408213E-06  0.229119E-04  0.102780E+00
  0.000000E+00  0.619650E+00  0.130287E+00  0.000000E+00  0.347735E+00  0.272662E+00  0.939314E-06  0.211124E-04  0.161794E+00
  0.000000E+00  0.623015E+00  0.137953E+00  0.000000E+00  0.352008E+00  0.291975E+00  0.630432E-06  0.205663E-04  0.175548E+00
  0.000000E+00  0.627137E+00  0.102485E+00  0.000000E+00  0.354944E+00  0.215941E+00  0.385496E-06  0.145301E-04  0.131354E+00
  0.000000E+00  0.630230E+00  0.333799E-01  0.000000E+00  0.355895E+00  0.978976E-01  0.728605E-07  0.182443E-05  0.583312E-01
  0.000000E+00  0.630621E+00 -0.184225E-01  0.000000E+00  0.355689E+00  0.811265E-02  0.690036E-08 -0.439266E-06  0.485668E-02
  0.000000E+00  0.630481E+00 -0.224755E-01  0.000000E+00  0.355428E+00  0.230809E-02  0.262338E-08  0.422668E-06  0.110830E-02
  0.000000E+00  0.629933E+00 -0.220741E-01  0.000000E+00  0.352917E+00  0.164061E-03  0.485999E-09 -0.454393E-06 -0.272070E-03
  0.000000E+00  0.625606E+00 -0.218129E-01  0.000000E+00  0.352637E+00  0.371456E-03  0.555577E-09 -0.791213E-07 -0.173030E-03
  0.000000E+00  0.625197E+00 -0.208038E-01  0.000000E+00  0.352395E+00  0.247770E-02  0.485786E-08  0.167580E-05  0.119735E-02
  0.000000E+00  0.625023E+00 -0.120224E-01  0.000000E+00  0.352385E+00  0.140485E-01  0.325857E-07  0.467184E-05  0.902743E-02
  0.000000E+00  0.624777E+00  0.190367E-01  0.000000E+00  0.354033E+00  0.747222E-01  0.209366E-06  0.701145E-05  0.487098E-01
  0.000000E+00  0.625413E+00  0.806512E-01  0.000000E+00  0.358373E+00  0.163996E+00  0.414475E-06  0.230158E-04  0.103936E+00
  0.000000E+00  0.633794E+00  0.131000E+00  0.000000E+00  0.362915E+00  0.278768E+00  0.961013E-06  0.212968E-04  0.165485E+00
  0.000000E+00  0.637731E+00  0.139158E+00  0.000000E+00  0.367184E+00  0.299219E+00  0.646108E-06  0.204450E-04  0.179905E+00
  0.000000E+00  0.642517E+00  0.104124E+00  0.000000E+00  0.370280E+00  0.221949E+00  0.396177E-06  0.144869E-04  0.135030E+00
  0.000000E+00  0.645954E+00  0.334245E-01  0.000000E+00  0.371264E+00  0.100692E+00  0.749908E-07  0.181209E-05  0.599924E-01
  0.000000E+00  0.646455E+00 -0.194742E-01  0.000000E+00  0.371047E+00  0.833791E-02  0.708866E-08 -0.426502E-06  0.499566E-02
  0.000000E+00  0.646318E+00 -0.236231E-01  0.000000E+00  0.370776E+00  0.244478E-02  0.274880E-08  0.441141E-06  0.119305E-02
  0.000000E+00  0.645760E+00 -0.231478E-01  0.000000E+00  0.368156E+00  0.170462E-03  0.498851E-09 -0.454321E-06 -0.268155E-03
  0.000000E+00  0.641318E+00 -0.228984E-01  0.000000E+00  0.367864E+00  0.381474E-03  0.574071E-09 -0.759437E-07 -0.167458E-03
  0.000000E+00  0.640901E+00 -0.217534E-01  0.000000E+00  0.367612E+00  0.253563E-02  0.499020E-08  0.166955E-05  0.124444E-02
  0.000000E+00  0.640724E+00 -0.128001E-01  0.000000E+00  0.367603E+00  0.144358E-01  0.335694E-07  0.466147E-05  0.928709E-02
  0.000000E+00  0.640484E+00  0.181413E-01  0.000000E+00  0.369274E+00  0.761785E-01  0.214390E-06  0.699929E-05  0.496596E-01
  0.000000E+00  0.641163E+00  0.817855E-01  0.000000E+00  0.373049E+00  0.168381E+00  0.427386E-06  0.228040E-04  0.106705E+00
  0.000000E+00  0.643424E+00  0.131668E+00  0.000000E+00  0.377600E+00  0.283305E+00  0.975046E-06  0.215188E-04  0.168184E+00
  0.000000E+00  0.647479E+00  0.139872E+00  0.000000E+00  0.381876E+00  0.303793E+00  0.656151E-06  0.204008E-04  0.182631E+00
  0.000000E+00  0.651580E+00  0.104706E+00  0.000000E+00  0.385062E+00  0.225176E+00  0.400698E-06  0.144623E-04  0.136977E+00
  0.000000E+00  0.654727E+00  0.333103E-01  0.000000E+00  0.386063E+00  0.102227E+00  0.764039E-07  0.179953E-05  0.609005E-01
  0.000000E+00  0.655264E+00 -0.201881E-01  0.000000E+00  0.385837E+00  0.848521E-02  0.723694E-08 -0.424972E-06  0.508599E-02
  0.000000E+00  0.655127E+00 -0.244042E-01  0.000000E+00  0.385555E+00  0.247968E-02  0.277284E-08  0.445506E-06  0.121218E-02
  0.000000E+00  0.654562E+00 -0.238458E-01  0.000000E+00  0.382830E+00  0.173947E-03  0.509382E-09 -0.452893E-06 -0.265802E-03
  0.000000E+00  0.650059E+00 -0.235268E-01  0.000000E+00  0.382526E+00  0.384871E-03  0.577704E-09 -0.732185E-07 -0.158972E-03
  0.000000E+00  0.649637E+00 -0.223328E-01  0.000000E+00  0.382263E+00  0.256429E-02  0.504591E-08  0.166469E-05  0.127330E-02
  0.000000E+00  0.649459E+00 -0.132698E-01  0.000000E+00  0.382251E+00  0.146449E-01  0.341558E-07  0.465012E-05  0.944217E-02
  0.000000E+00  0.649365E+00  0.180539E-01  0.000000E+00  0.383953E+00  0.778403E-01  0.219037E-06  0.700534E-05  0.507360E-01
  0.000000E+00  0.650242E+00  0.831251E-01  0.000000E+00  0.387792E+00  0.171314E+00  0.436419E-06  0.227271E-04  0.108545E+00
  0.000000E+00  0.652912E+00  0.132437E+00  0.000000E+00  0.393019E+00  0.286930E+00  0.989843E-06  0.212843E-04  0.170266E+00
  0.000000E+00  0.663341E+00  0.142609E+00  0.000000E+00  0.397548E+00  0.310763E+00  0.674593E-06  0.202934E-04  0.186802E+00
  0.000000E+00  0.668317E+00  0.107039E+00  0.000000E+00  0.400721E+00  0.230825E+00  0.412713E-06  0.143818E-04  0.140411E+00
  0.000000E+00  0.672519E+00  0.343790E-01  0.000000E+00  0.401761E+00  0.105371E+00  0.794677E-07  0.184647E-05  0.627748E-01
  0.000000E+00  0.673175E+00 -0.203261E-01  0.000000E+00  0.401526E+00  0.883082E-02  0.753286E-08 -0.400781E-06  0.529524E-02
  0.000000E+00  0.673044E+00 -0.246450E-01  0.000000E+00  0.401233E+00  0.256754E-02  0.288458E-08  0.486140E-06  0.125980E-02
  0.000000E+00  0.672466E+00 -0.241183E-01  0.000000E+00  0.398397E+00  0.183840E-03  0.538086E-09 -0.442675E-06 -0.265822E-03
  0.000000E+00  0.667833E+00 -0.237777E-01  0.000000E+00  0.398080E+00  0.399373E-03  0.598751E-09 -0.601223E-07 -0.152483E-03
  0.000000E+00  0.667407E+00 -0.223729E-01  0.000000E+00  0.397800E+00  0.288939E-02  0.593626E-08  0.178937E-05  0.156096E-02
  0.000000E+00  0.667241E+00 -0.132789E-01  0.000000E+00  0.397797E+00  0.152733E-01  0.358006E-07  0.482581E-05  0.977252E-02
  0.000000E+00  0.667295E+00  0.187192E-01  0.000000E+00  0.399536E+00  0.802379E-01  0.226486E-06  0.713056E-05  0.523043E-01
  0.000000E+00  0.668577E+00  0.858980E-01  0.000000E+00  0.403454E+00  0.176551E+00  0.451603E-06  0.229783E-04  0.111847E+00
  0.000000E+00  0.671298E+00  0.135996E+00  0.000000E+00  0.408176E+00  0.294987E+00  0.101932E-05  0.211707E-04  0.174990E+00
  0.000000E+00  0.675979E+00  0.144201E+00  0.000000E+00  0.412623E+00  0.315757E+00  0.687598E-06  0.202620E-04  0.189728E+00
  0.000000E+00  0.680667E+00  0.108139E+00  0.000000E+00  0.415970E+00  0.234198E+00  0.420772E-06  0.143811E-04  0.142368E+00
  0.000000E+00  0.684058E+00  0.343909E-01  0.000000E+00  0.417027E+00  0.106787E+00  0.815893E-07  0.182796E-05  0.635979E-01
  0.000000E+00  0.684818E+00 -0.206609E-01  0.000000E+00  0.416782E+00  0.898825E-02  0.775530E-08 -0.391399E-06  0.538735E-02
  0.000000E+00  0.684684E+00 -0.250609E-01  0.000000E+00  0.416477E+00  0.252847E-02  0.289702E-08  0.464649E-06  0.122603E-02
  0.000000E+00  0.684092E+00 -0.244574E-01  0.000000E+00  0.413534E+00  0.185176E-03  0.548689E-09 -0.442032E-06 -0.266855E-03
  0.000000E+00  0.679376E+00 -0.240991E-01  0.000000E+00  0.413204E+00  0.407545E-03  0.616167E-09 -0.577632E-07 -0.146190E-03
  0.000000E+00  0.678943E+00 -0.230220E-01  0.000000E+00  0.412921E+00  0.270599E-02  0.537287E-08  0.169726E-05  0.135334E-02
  0.000000E+00  0.678791E+00 -0.134812E-01  0.000000E+00  0.412909E+00  0.155553E-01  0.366048E-07  0.473923E-05  0.100379E-01
  0.000000E+00  0.678965E+00  0.187830E-01  0.000000E+00  0.414681E+00  0.819207E-01  0.232488E-06  0.711953E-05  0.533966E-01
  0.000000E+00  0.680553E+00  0.864662E-01  0.000000E+00  0.418653E+00  0.179537E+00  0.461488E-06  0.226684E-04  0.113710E+00
  0.000000E+00  0.683372E+00  0.137641E+00  0.000000E+00  0.423503E+00  0.300078E+00  0.103556E-05  0.214768E-04  0.178014E+00
  0.000000E+00  0.688282E+00  0.146467E+00  0.000000E+00  0.428755E+00  0.321838E+00  0.700772E-06  0.202295E-04  0.193404E+00
  0.000000E+00  0.700385E+00  0.111743E+00  0.000000E+00  0.432133E+00  0.241771E+00  0.433946E-06  0.143630E-04  0.147030E+00
  0.000000E+00  0.704282E+00  0.359880E-01  0.000000E+00  0.433261E+00  0.110833E+00  0.862397E-07  0.182425E-05  0.660156E-01
  0.000000E+00  0.705277E+00 -0.206616E-01  0.000000E+00  0.433010E+00  0.935965E-02  0.812013E-08 -0.376051E-06  0.561118E-02
  0.000000E+00  0.705166E+00 -0.251164E-01  0.000000E+00  0.432694E+00  0.272396E-02  0.309414E-08  0.498830E-06  0.134530E-02
  0.000000E+00  0.704566E+00 -0.246360E-01  0.000000E+00  0.429637E+00  0.193280E-03  0.572118E-09 -0.437943E-06 -0.270541E-03
  0.000000E+00  0.699701E+00 -0.242664E-01  0.000000E+00  0.429293E+00  0.423870E-03  0.640421E-09 -0.531563E-07 -0.141308E-03
  0.000000E+00  0.699263E+00 -0.232027E-01  0.000000E+00  0.429000E+00  0.281252E-02  0.560627E-08  0.170300E-05  0.141391E-02
  0.000000E+00  0.699145E+00 -0.133505E-01  0.000000E+00  0.428993E+00  0.161706E-01  0.382417E-07  0.474698E-05  0.104412E-01
  0.000000E+00  0.699606E+00  0.197752E-01  0.000000E+00  0.430826E+00  0.848731E-01  0.242113E-06  0.713592E-05  0.553191E-01
  0.000000E+00  0.702017E+00  0.884431E-01  0.000000E+00  0.434917E+00  0.185499E+00  0.478762E-06  0.223986E-04  0.117476E+00
  0.000000E+00  0.705852E+00  0.142307E+00  0.000000E+00  0.439932E+00  0.310465E+00  0.106660E-05  0.220432E-04  0.184239E+00
  0.000000E+00  0.711363E+00  0.151302E+00  0.000000E+00  0.444673E+00  0.332605E+00  0.724258E-06  0.202756E-04  0.199849E+00
  0.000000E+00  0.716880E+00  0.114132E+00  0.000000E+00  0.448254E+00  0.247625E+00  0.442779E-06  0.143786E-04  0.150569E+00
  0.000000E+00  0.720776E+00  0.367940E-01  0.000000E+00  0.449410E+00  0.113601E+00  0.890503E-07  0.182281E-05  0.676508E-01
  0.000000E+00  0.721864E+00 -0.209158E-01  0.000000E+00  0.449149E+00  0.962544E-02  0.831466E-08 -0.371168E-06  0.576987E-02
  0.000000E+00  0.721754E+00 -0.254388E-01  0.000000E+00  0.448822E+00  0.279589E-02  0.315126E-08  0.509132E-06  0.138386E-02
  0.000000E+00  0.721141E+00 -0.249802E-01  0.000000E+00  0.445650E+00  0.200563E-03  0.588000E-09 -0.435166E-06 -0.272003E-03
  0.000000E+00  0.716154E+00 -0.245965E-01  0.000000E+00  0.445292E+00  0.433969E-03  0.652122E-09 -0.473409E-07 -0.139242E-03
  0.000000E+00  0.715706E+00 -0.235625E-01  0.000000E+00  0.444988E+00  0.287589E-02  0.572519E-08  0.170837E-05  0.144792E-02
  0.000000E+00  0.715590E+00 -0.134601E-01  0.000000E+00  0.444979E+00  0.166306E-01  0.394236E-07  0.475369E-05  0.107402E-01
  0.000000E+00  0.716142E+00  0.201622E-01  0.000000E+00  0.446831E+00  0.869163E-01  0.248654E-06  0.715063E-05  0.566544E-01
  0.000000E+00  0.718595E+00  0.908370E-01  0.000000E+00  0.450984E+00  0.190070E+00  0.492431E-06  0.223265E-04  0.120327E+00
  0.000000E+00  0.721585E+00  0.145083E+00  0.000000E+00  0.456301E+00  0.317209E+00  0.109240E-05  0.219255E-04  0.188211E+00
  0.000000E+00  0.727476E+00  0.154323E+00  0.000000E+00  0.461755E+00  0.339798E+00  0.741954E-06  0.202581E-04  0.204168E+00
  0.000000E+00  0.740857E+00  0.118063E+00  0.000000E+00  0.465270E+00  0.255660E+00  0.457461E-06  0.143484E-04  0.155452E+00
  0.000000E+00  0.745757E+00  0.385174E-01  0.000000E+00  0.466509E+00  0.117894E+00  0.935105E-07  0.186178E-05  0.702019E-01
  0.000000E+00  0.747210E+00 -0.209050E-01  0.000000E+00  0.466243E+00  0.100567E-01  0.868923E-08 -0.345497E-06  0.602920E-02
  0.000000E+00  0.747124E+00 -0.255593E-01  0.000000E+00  0.465904E+00  0.291291E-02  0.329314E-08  0.546312E-06  0.144620E-02
  0.000000E+00  0.746495E+00 -0.251745E-01  0.000000E+00  0.462612E+00  0.211697E-03  0.620513E-09 -0.428450E-06 -0.276495E-03
  0.000000E+00  0.741322E+00 -0.247761E-01  0.000000E+00  0.462239E+00  0.453126E-03  0.678547E-09 -0.328778E-07 -0.134736E-03
  0.000000E+00  0.740875E+00 -0.234663E-01  0.000000E+00  0.461917E+00  0.327230E-02  0.680820E-08  0.182549E-05  0.179007E-02
  0.000000E+00  0.740810E+00 -0.132959E-01  0.000000E+00  0.461924E+00  0.174364E-01  0.415857E-07  0.491120E-05  0.111739E-01
  0.000000E+00  0.741758E+00  0.213898E-01  0.000000E+00  0.463843E+00  0.903029E-01  0.259527E-06  0.726392E-05  0.588491E-01
  0.000000E+00  0.745031E+00  0.944853E-01  0.000000E+00  0.468213E+00  0.197681E+00  0.514482E-06  0.225344E-04  0.125145E+00
  0.000000E+00  0.749214E+00  0.150702E+00  0.000000E+00  0.473642E+00  0.329377E+00  0.113216E-05  0.221033E-04  0.195395E+00
  0.000000E+00  0.755948E+00  0.159730E+00  0.000000E+00  0.478561E+00  0.351966E+00  0.771638E-06  0.201978E-04  0.211366E+00
  0.000000E+00  0.761511E+00  0.120550E+00  0.000000E+00  0.482642E+00  0.262042E+00  0.471977E-06  0.143207E-04  0.159230E+00
  0.000000E+00  0.765887E+00  0.392092E-01  0.000000E+00  0.483883E+00  0.120663E+00  0.974054E-07  0.185721E-05  0.718281E-01
  0.000000E+00  0.767408E+00 -0.210388E-01  0.000000E+00  0.483605E+00  0.103636E-01  0.906800E-08 -0.339872E-06  0.621320E-02
  0.000000E+00  0.767309E+00 -0.258418E-01  0.000000E+00  0.483253E+00  0.289977E-02  0.333346E-08  0.528743E-06  0.142591E-02
  0.000000E+00  0.766659E+00 -0.254340E-01  0.000000E+00  0.479838E+00  0.216576E-03  0.641583E-09 -0.426722E-06 -0.279246E-03
  0.000000E+00  0.761398E+00 -0.250213E-01  0.000000E+00  0.479458E+00  0.470685E-03  0.702933E-09 -0.307585E-07 -0.126352E-03
  0.000000E+00  0.760936E+00 -0.240428E-01  0.000000E+00  0.479132E+00  0.309304E-02  0.619935E-08  0.174312E-05  0.157009E-02
  0.000000E+00  0.760877E+00 -0.132529E-01  0.000000E+00  0.479126E+00  0.179582E-01  0.430228E-07  0.483294E-05  0.116093E-01
  0.000000E+00  0.761928E+00  0.221333E-01  0.000000E+00  0.481075E+00  0.932167E-01  0.269382E-06  0.725542E-05  0.607499E-01
  0.000000E+00  0.765571E+00  0.963947E-01  0.000000E+00  0.485477E+00  0.203149E+00  0.531870E-06  0.222379E-04  0.128558E+00
  0.000000E+00  0.769374E+00  0.154038E+00  0.000000E+00  0.491242E+00  0.337951E+00  0.115991E-05  0.223797E-04  0.200484E+00
  0.000000E+00  0.776493E+00  0.163883E+00  0.000000E+00  0.496923E+00  0.361877E+00  0.793227E-06  0.201586E-04  0.217350E+00
  0.000000E+00  0.789919E+00  0.125824E+00  0.000000E+00  0.501041E+00  0.272798E+00  0.490839E-06  0.142999E-04  0.165818E+00
  0.000000E+00  0.794740E+00  0.412465E-01  0.000000E+00  0.502343E+00  0.125755E+00  0.102068E-06  0.184992E-05  0.748455E-01
  0.000000E+00  0.796484E+00 -0.210948E-01  0.000000E+00  0.502054E+00  0.107940E-01  0.941370E-08 -0.334305E-06  0.646811E-02
  0.000000E+00  0.796387E+00 -0.259478E-01  0.000000E+00  0.501689E+00  0.312208E-02  0.352945E-08  0.552450E-06  0.155670E-02
  0.000000E+00  0.795718E+00 -0.256871E-01  0.000000E+00  0.498144E+00  0.223255E-03  0.658096E-09 -0.427286E-06 -0.289654E-03
  0.000000E+00  0.790253E+00 -0.252598E-01  0.000000E+00  0.497749E+00  0.487787E-03  0.732002E-09 -0.257744E-07 -0.126984E-03
  0.000000E+00  0.789772E+00 -0.242769E-01  0.000000E+00  0.497411E+00  0.321393E-02  0.645900E-08  0.174297E-05  0.163465E-02
  0.000000E+00  0.789710E+00 -0.130788E-01  0.000000E+00  0.497406E+00  0.187302E-01  0.450583E-07  0.483012E-05  0.121130E-01
  0.000000E+00  0.790889E+00  0.235900E-01  0.000000E+00  0.499370E+00  0.971513E-01  0.282042E-06  0.725923E-05  0.633107E-01
  0.000000E+00  0.792528E+00  0.998303E-01  0.000000E+00  0.504420E+00  0.210544E+00  0.553832E-06  0.219010E-04  0.133198E+00
  0.000000E+00  0.798352E+00  0.159570E+00  0.000000E+00  0.509828E+00  0.350301E+00  0.120414E-05  0.224765E-04  0.207802E+00
  0.000000E+00  0.804740E+00  0.169670E+00  0.000000E+00  0.515956E+00  0.375011E+00  0.822673E-06  0.200862E-04  0.225137E+00
  0.000000E+00  0.812664E+00  0.128990E+00  0.000000E+00  0.519742E+00  0.280382E+00  0.503156E-06  0.142327E-04  0.170441E+00
  0.000000E+00  0.820386E+00  0.428461E-01  0.000000E+00  0.520998E+00  0.130197E+00  0.106881E-06  0.184052E-05  0.774823E-01
  0.000000E+00  0.821580E+00 -0.211848E-01  0.000000E+00  0.520687E+00  0.112062E-01  0.980065E-08 -0.328822E-06  0.671376E-02
  0.000000E+00  0.821420E+00 -0.261560E-01  0.000000E+00  0.520306E+00  0.322583E-02  0.362238E-08  0.562188E-06  0.161084E-02
  0.000000E+00  0.820715E+00 -0.259527E-01  0.000000E+00  0.516629E+00  0.235659E-03  0.682257E-09 -0.427508E-06 -0.292625E-03
  0.000000E+00  0.815074E+00 -0.255217E-01  0.000000E+00  0.516219E+00  0.503185E-03  0.749434E-09 -0.194129E-07 -0.125628E-03
  0.000000E+00  0.814561E+00 -0.245553E-01  0.000000E+00  0.515866E+00  0.331765E-02  0.665369E-08  0.174540E-05  0.169004E-02
  0.000000E+00  0.814439E+00 -0.129810E-01  0.000000E+00  0.515819E+00  0.194382E-01  0.468821E-07  0.482508E-05  0.125733E-01
  0.000000E+00  0.814595E+00  0.244498E-01  0.000000E+00  0.518106E+00  0.100236E+00  0.292079E-06  0.725701E-05  0.653195E-01
  0.000000E+00  0.817245E+00  0.102756E+00  0.000000E+00  0.523170E+00  0.217537E+00  0.574198E-06  0.217471E-04  0.137598E+00
  0.000000E+00  0.822772E+00  0.164482E+00  0.000000E+00  0.529019E+00  0.361610E+00  0.123885E-05  0.227330E-04  0.214525E+00
  0.000000E+00  0.829751E+00  0.174350E+00  0.000000E+00  0.535644E+00  0.386102E+00  0.849171E-06  0.200878E-04  0.231734E+00
  0.000000E+00  0.844446E+00  0.134155E+00  0.000000E+00  0.539603E+00  0.291239E+00  0.522880E-06  0.142121E-04  0.177000E+00
  0.000000E+00  0.850467E+00  0.448185E-01  0.000000E+00  0.541289E+00  0.135396E+00  0.113324E-06  0.186224E-05  0.805523E-01
  0.000000E+00  0.851119E+00 -0.212377E-01  0.000000E+00  0.540988E+00  0.117631E-01  0.102921E-07 -0.311187E-06  0.704937E-02
  0.000000E+00  0.851076E+00 -0.263808E-01  0.000000E+00  0.540598E+00  0.336607E-02  0.376971E-08  0.592144E-06  0.168706E-02
  0.000000E+00  0.850378E+00 -0.262570E-01  0.000000E+00  0.536778E+00  0.248542E-03  0.719040E-09 -0.421107E-06 -0.296777E-03
  0.000000E+00  0.844533E+00 -0.258148E-01  0.000000E+00  0.536352E+00  0.523683E-03  0.777534E-09 -0.859553E-08 -0.121704E-03
  0.000000E+00  0.844056E+00 -0.244981E-01  0.000000E+00  0.535982E+00  0.378577E-02  0.794932E-08  0.184355E-05  0.209540E-02
  0.000000E+00  0.844190E+00 -0.127764E-01  0.000000E+00  0.535969E+00  0.204868E-01  0.496789E-07  0.493519E-05  0.131500E-01
  0.000000E+00  0.845572E+00  0.259757E-01  0.000000E+00  0.538297E+00  0.104473E+00  0.305548E-06  0.731765E-05  0.680744E-01
  0.000000E+00  0.848510E+00  0.107661E+00  0.000000E+00  0.543670E+00  0.226800E+00  0.602653E-06  0.216404E-04  0.143435E+00
  0.000000E+00  0.855168E+00  0.170805E+00  0.000000E+00  0.549696E+00  0.375665E+00  0.128492E-05  0.226699E-04  0.222805E+00
  0.000000E+00  0.863080E+00  0.180460E+00  0.000000E+00  0.555925E+00  0.400216E+00  0.884560E-06  0.199521E-04  0.240082E+00
  0.000000E+00  0.871609E+00  0.137561E+00  0.000000E+00  0.559947E+00  0.299684E+00  0.541416E-06  0.141360E-04  0.182009E+00
  0.000000E+00  0.877284E+00  0.460168E-01  0.000000E+00  0.561774E+00  0.139361E+00  0.118862E-06  0.185448E-05  0.828734E-01
  0.000000E+00  0.877970E+00 -0.214248E-01  0.000000E+00  0.561463E+00  0.122086E-01  0.108348E-07 -0.306850E-06  0.731520E-02
  0.000000E+00  0.877925E+00 -0.267673E-01  0.000000E+00  0.561057E+00  0.336137E-02  0.382514E-08  0.573404E-06  0.166721E-02
  0.000000E+00  0.877199E+00 -0.266258E-01  0.000000E+00  0.557093E+00  0.253677E-03  0.737634E-09 -0.424990E-06 -0.304744E-03
  0.000000E+00  0.871167E+00 -0.261637E-01  0.000000E+00  0.556650E+00  0.544354E-03  0.806397E-09 -0.443990E-08 -0.116275E-03
  0.000000E+00  0.870674E+00 -0.251921E-01  0.000000E+00  0.556275E+00  0.359459E-02  0.724289E-08  0.176313E-05  0.184664E-02
  0.000000E+00  0.870826E+00 -0.126848E-01  0.000000E+00  0.556254E+00  0.211841E-01  0.516604E-07  0.484964E-05  0.137160E-01
  0.000000E+00  0.872521E+00  0.272857E-01  0.000000E+00  0.558647E+00  0.108338E+00  0.319515E-06  0.728986E-05  0.705876E-01
  0.000000E+00  0.875585E+00  0.110285E+00  0.000000E+00  0.564222E+00  0.234099E+00  0.625518E-06  0.212328E-04  0.147989E+00
  0.000000E+00  0.881811E+00  0.175303E+00  0.000000E+00  0.570534E+00  0.387027E+00  0.132067E-05  0.230184E-04  0.229526E+00
  0.000000E+00  0.889847E+00  0.185861E+00  0.000000E+00  0.577685E+00  0.413070E+00  0.912128E-06  0.198897E-04  0.247805E+00
  0.000000E+00  0.906022E+00  0.143806E+00  0.000000E+00  0.581910E+00  0.312676E+00  0.564398E-06  0.140919E-04  0.189946E+00
  0.000000E+00  0.912527E+00  0.486748E-01  0.000000E+00  0.583793E+00  0.145780E+00  0.126188E-06  0.185079E-05  0.866919E-01
  0.000000E+00  0.913545E+00 -0.214322E-01  0.000000E+00  0.583475E+00  0.128960E-01  0.115384E-07 -0.292487E-06  0.773035E-02
  0.000000E+00  0.913530E+00 -0.269266E-01  0.000000E+00  0.583056E+00  0.366119E-02  0.409678E-08  0.601943E-06  0.184699E-02
  0.000000E+00  0.912787E+00 -0.269765E-01  0.000000E+00  0.578936E+00  0.267242E-03  0.766152E-09 -0.422976E-06 -0.313433E-03
  0.000000E+00  0.906502E+00 -0.264850E-01  0.000000E+00  0.578475E+00  0.570645E-03  0.844255E-09 -0.255128E-09 -0.112471E-03
  0.000000E+00  0.905997E+00 -0.254705E-01  0.000000E+00  0.578087E+00  0.378064E-02  0.763388E-08  0.176216E-05  0.195208E-02
  0.000000E+00  0.906180E+00 -0.123554E-01  0.000000E+00  0.578071E+00  0.223184E-01  0.547392E-07  0.483203E-05  0.144585E-01
  0.000000E+00  0.907708E+00  0.293724E-01  0.000000E+00  0.580669E+00  0.113465E+00  0.337018E-06  0.726706E-05  0.739154E-01
  0.000000E+00  0.911538E+00  0.115145E+00  0.000000E+00  0.586450E+00  0.244275E+00  0.657034E-06  0.208699E-04  0.154371E+00
  0.000000E+00  0.917292E+00  0.182051E+00  0.000000E+00  0.593316E+00  0.402264E+00  0.137136E-05  0.231491E-04  0.238511E+00
  0.000000E+00  0.925826E+00  0.192908E+00  0.000000E+00  0.600082E+00  0.429115E+00  0.950423E-06  0.197512E-04  0.257366E+00
  0.000000E+00  0.937400E+00  0.148672E+00  0.000000E+00  0.604532E+00  0.323758E+00  0.584827E-06  0.140039E-04  0.196652E+00
  0.000000E+00  0.944855E+00  0.506988E-01  0.000000E+00  0.606326E+00  0.151226E+00  0.133072E-06  0.183711E-05  0.899150E-01
  0.000000E+00  0.945840E+00 -0.215740E-01  0.000000E+00  0.605989E+00  0.134673E-01  0.122013E-07 -0.285557E-06  0.806911E-02
  0.000000E+00  0.945789E+00 -0.271792E-01  0.000000E+00  0.605551E+00  0.381246E-02  0.427049E-08  0.608606E-06  0.192895E-02
  0.000000E+00  0.945009E+00 -0.273158E-01  0.000000E+00  0.601272E+00  0.275165E-03  0.785476E-09 -0.423466E-06 -0.323083E-03
  0.000000E+00  0.938494E+00 -0.268068E-01  0.000000E+00  0.600793E+00  0.595173E-03  0.876882E-09  0.365855E-08 -0.107462E-03
  0.000000E+00  0.937954E+00 -0.257684E-01  0.000000E+00  0.600387E+00  0.394822E-02  0.798749E-08  0.175641E-05  0.204700E-02
  0.000000E+00  0.938059E+00 -0.121056E-01  0.000000E+00  0.600351E+00  0.233447E-01  0.575753E-07  0.480106E-05  0.151278E-01
  0.000000E+00  0.938580E+00  0.310179E-01  0.000000E+00  0.603152E+00  0.117950E+00  0.352389E-06  0.721986E-05  0.768137E-01
  0.000000E+00  0.941802E+00  0.119181E+00  0.000000E+00  0.609315E+00  0.252850E+00  0.684175E-06  0.206333E-04  0.159758E+00
  0.000000E+00  0.948869E+00  0.188278E+00  0.000000E+00  0.616170E+00  0.416296E+00  0.141938E-05  0.232012E-04  0.246854E+00
  0.000000E+00  0.957137E+00  0.198957E+00  0.000000E+00  0.624027E+00  0.443273E+00  0.983937E-06  0.196833E-04  0.265746E+00
  0.000000E+00  0.973490E+00  0.154346E+00  0.000000E+00  0.628854E+00  0.336014E+00  0.606118E-06  0.139091E-04  0.204064E+00
  0.000000E+00  0.982422E+00  0.532875E-01  0.000000E+00  0.630754E+00  0.157703E+00  0.140898E-06  0.184769E-05  0.937575E-01
  0.000000E+00  0.984155E+00 -0.217408E-01  0.000000E+00  0.630414E+00  0.141529E-01  0.127739E-07 -0.278581E-06  0.847290E-02
  0.000000E+00  0.984158E+00 -0.274415E-01  0.000000E+00  0.629961E+00  0.399201E-02  0.439666E-08  0.639410E-06  0.202675E-02
  0.000000E+00  0.983360E+00 -0.276720E-01  0.000000E+00  0.625510E+00  0.291803E-03  0.826885E-09 -0.418883E-06 -0.328078E-03
  0.000000E+00  0.976571E+00 -0.271325E-01  0.000000E+00  0.625009E+00  0.621398E-03  0.901285E-09  0.165842E-07 -0.101023E-03
  0.000000E+00  0.976033E+00 -0.256825E-01  0.000000E+00  0.624579E+00  0.450813E-02  0.954326E-08  0.184326E-05  0.253235E-02
  0.000000E+00  0.976205E+00 -0.118364E-01  0.000000E+00  0.624603E+00  0.246151E-01  0.609864E-07  0.487292E-05  0.158271E-01
  0.000000E+00  0.977259E+00  0.331101E-01  0.000000E+00  0.627540E+00  0.123171E+00  0.369951E-06  0.725364E-05  0.802185E-01
  0.000000E+00  0.982482E+00  0.124906E+00  0.000000E+00  0.633803E+00  0.264698E+00  0.719362E-06  0.203040E-04  0.167235E+00
  0.000000E+00  0.990084E+00  0.196460E+00  0.000000E+00  0.641228E+00  0.434475E+00  0.147836E-05  0.233379E-04  0.257561E+00
  0.000000E+00  0.999865E+00  0.206751E+00  0.000000E+00  0.648367E+00  0.461304E+00  0.102769E-05  0.194862E-04  0.276422E+00
  0.000000E+00  0.101080E+01  0.159437E+00  0.000000E+00  0.653530E+00  0.348059E+00  0.631014E-06  0.137965E-04  0.211211E+00
  0.000000E+00  0.101810E+01  0.551419E-01  0.000000E+00  0.655485E+00  0.163103E+00  0.148574E-06  0.182936E-05  0.969138E-01
  0.000000E+00  0.102004E+01 -0.218816E-01  0.000000E+00  0.655130E+00  0.147542E-01  0.134150E-07 -0.278830E-06  0.882443E-02
  0.000000E+00  0.102002E+01 -0.277813E-01  0.000000E+00  0.654657E+00  0.400831E-02  0.446798E-08  0.619061E-06  0.201375E-02
  0.000000E+00  0.101919E+01 -0.280280E-01  0.000000E+00  0.650032E+00  0.299214E-03  0.848052E-09 -0.421721E-06 -0.342345E-03
  0.000000E+00  0.101214E+01 -0.274627E-01  0.000000E+00  0.649510E+00  0.647029E-03  0.934668E-09  0.183886E-07 -0.976913E-04
  0.000000E+00  0.101157E+01 -0.263903E-01  0.000000E+00  0.649073E+00  0.429400E-02  0.868358E-08  0.176674E-05  0.224013E-02
  0.000000E+00  0.101170E+01 -0.114551E-01  0.000000E+00  0.649101E+00  0.256764E-01  0.639432E-07  0.478409E-05  0.166523E-01
  0.000000E+00  0.101282E+01  0.352008E-01  0.000000E+00  0.652125E+00  0.128381E+00  0.388850E-06  0.719114E-05  0.836060E-01
  0.000000E+00  0.101590E+01  0.128671E+00  0.000000E+00  0.659050E+00  0.273781E+00  0.749066E-06  0.198374E-04  0.172871E+00
  0.000000E+00  0.102406E+01  0.202160E+00  0.000000E+00  0.667105E+00  0.448590E+00  0.152792E-05  0.234452E-04  0.265925E+00
  0.000000E+00  0.104002E+01  0.215061E+00  0.000000E+00  0.674971E+00  0.480206E+00  0.107163E-05  0.193077E-04  0.287680E+00
  0.000000E+00  0.105125E+01  0.166447E+00  0.000000E+00  0.680232E+00  0.363175E+00  0.658395E-06  0.136522E-04  0.220438E+00
  0.000000E+00  0.106101E+01  0.584081E-01  0.000000E+00  0.682148E+00  0.170911E+00  0.157255E-06  0.180771E-05  0.101540E+00
  0.000000E+00  0.106249E+01 -0.218802E-01  0.000000E+00  0.681777E+00  0.154786E-01  0.140190E-07 -0.283171E-06  0.925066E-02
  0.000000E+00  0.106240E+01 -0.278835E-01  0.000000E+00  0.681288E+00  0.433001E-02  0.473659E-08  0.635717E-06  0.220299E-02
  0.000000E+00  0.106155E+01 -0.283705E-01  0.000000E+00  0.676474E+00  0.309448E-03  0.863118E-09 -0.424348E-06 -0.361121E-03
  0.000000E+00  0.105419E+01 -0.277626E-01  0.000000E+00  0.675928E+00  0.675475E-03  0.973610E-09  0.221456E-07 -0.972686E-04
  0.000000E+00  0.105358E+01 -0.266233E-01  0.000000E+00  0.675471E+00  0.448658E-02  0.908457E-08  0.175371E-05  0.234590E-02
  0.000000E+00  0.105348E+01 -0.110042E-01  0.000000E+00  0.675559E+00  0.269373E-01  0.674826E-07  0.473365E-05  0.174771E-01
  0.000000E+00  0.105401E+01  0.377896E-01  0.000000E+00  0.678954E+00  0.134394E+00  0.410160E-06  0.711689E-05  0.875074E-01
  0.000000E+00  0.105837E+01  0.133896E+00  0.000000E+00  0.686079E+00  0.285713E+00  0.785579E-06  0.192692E-04  0.180368E+00
  0.000000E+00  0.106707E+01  0.210135E+00  0.000000E+00  0.693986E+00  0.467291E+00  0.159018E-05  0.236496E-04  0.276925E+00
  0.000000E+00  0.107731E+01  0.221451E+00  0.000000E+00  0.702115E+00  0.496562E+00  0.111188E-05  0.191236E-04  0.297335E+00
  0.000000E+00  0.108927E+01  0.172065E+00  0.000000E+00  0.707412E+00  0.376431E+00  0.684541E-06  0.135186E-04  0.228413E+00
  0.000000E+00  0.109713E+01  0.606887E-01  0.000000E+00  0.709799E+00  0.177136E+00  0.165495E-06  0.181947E-05  0.105199E+00
  0.000000E+00  0.109796E+01 -0.220199E-01  0.000000E+00  0.709420E+00  0.159582E-01  0.141877E-07 -0.275672E-06  0.952148E-02
  0.000000E+00  0.109800E+01 -0.280688E-01  0.000000E+00  0.708912E+00  0.450030E-02  0.490335E-08  0.634330E-06  0.229269E-02
  0.000000E+00  0.109712E+01 -0.286937E-01  0.000000E+00  0.703903E+00  0.319331E-03  0.884030E-09 -0.425589E-06 -0.376695E-03
  0.000000E+00  0.108959E+01 -0.280382E-01  0.000000E+00  0.703346E+00  0.702634E-03  0.100771E-08  0.246104E-07 -0.947472E-04
  0.000000E+00  0.108900E+01 -0.268103E-01  0.000000E+00  0.702875E+00  0.467214E-02  0.947848E-08  0.173990E-05  0.245273E-02
  0.000000E+00  0.108927E+01 -0.105251E-01  0.000000E+00  0.702915E+00  0.281648E-01  0.709866E-07  0.467907E-05  0.182838E-01
  0.000000E+00  0.109102E+01  0.401078E-01  0.000000E+00  0.706308E+00  0.139998E+00  0.430475E-06  0.702318E-05  0.911327E-01
  0.000000E+00  0.109490E+01  0.138638E+00  0.000000E+00  0.714501E+00  0.296420E+00  0.821037E-06  0.187997E-04  0.187046E+00
  0.000000E+00  0.110935E+01  0.217663E+00  0.000000E+00  0.722503E+00  0.485179E+00  0.165208E-05  0.236644E-04  0.287456E+00
  0.000000E+00  0.111888E+01  0.229286E+00  0.000000E+00  0.731533E+00  0.514930E+00  0.115808E-05  0.189790E-04  0.308233E+00
  0.000000E+00  0.113164E+01  0.178623E+00  0.000000E+00  0.737136E+00  0.390902E+00  0.712540E-06  0.134026E-04  0.237178E+00
  0.000000E+00  0.114287E+01  0.639218E-01  0.000000E+00  0.739238E+00  0.184930E+00  0.175611E-06  0.182541E-05  0.109813E+00
  0.000000E+00  0.114471E+01 -0.273698E-01  0.000000E+00  0.738820E+00  0.168898E-01  0.149725E-07 -0.288586E-06  0.100618E-01
  0.000000E+00  0.114462E+01 -0.340581E-01  0.000000E+00  0.738284E+00  0.473615E-02  0.512145E-08  0.663558E-06  0.240006E-02
  0.000000E+00  0.114367E+01 -0.341891E-01  0.000000E+00  0.733068E+00  0.332915E-03  0.924098E-09 -0.419765E-06 -0.417835E-03
  0.000000E+00  0.113581E+01 -0.330090E-01  0.000000E+00  0.732486E+00  0.738167E-03  0.104954E-08  0.379189E-07 -0.111401E-03
  0.000000E+00  0.113515E+01 -0.309366E-01  0.000000E+00  0.731978E+00  0.539550E-02  0.115138E-07  0.181806E-05  0.306588E-02
  0.000000E+00  0.113516E+01 -0.140125E-01  0.000000E+00  0.732040E+00  0.298797E-01  0.758188E-07  0.474194E-05  0.192414E-01
  0.000000E+00  0.113541E+01  0.430159E-01  0.000000E+00  0.735801E+00  0.146651E+00  0.453830E-06  0.704035E-05  0.954569E-01
  0.000000E+00  0.113964E+01  0.149895E+00  0.000000E+00  0.743692E+00  0.308979E+00  0.860621E-06  0.185427E-04  0.194964E+00
  0.000000E+00  0.114860E+01  0.227175E+00  0.000000E+00  0.752359E+00  0.499934E+00  0.172127E-05  0.221967E-04  0.295738E+00
  0.000000E+00  0.116112E+01  0.238920E+00  0.000000E+00  0.761070E+00  0.531939E+00  0.120852E-05  0.185422E-04  0.318144E+00
  0.000000E+00  0.117342E+01  0.185574E+00  0.000000E+00  0.766992E+00  0.403877E+00  0.741302E-06  0.130728E-04  0.244802E+00
  0.000000E+00  0.118221E+01  0.669602E-01  0.000000E+00  0.769470E+00  0.190910E+00  0.184187E-06  0.180936E-05  0.113295E+00
  0.000000E+00  0.118370E+01 -0.281174E-01  0.000000E+00  0.769063E+00  0.175835E-01  0.159871E-07 -0.330003E-06  0.104673E-01
  0.000000E+00  0.118374E+01 -0.351915E-01  0.000000E+00  0.768509E+00  0.473925E-02  0.513240E-08  0.649057E-06  0.237131E-02
  0.000000E+00  0.118278E+01 -0.351629E-01  0.000000E+00  0.763079E+00  0.338665E-03  0.937262E-09 -0.422875E-06 -0.435301E-03
  0.000000E+00  0.117467E+01 -0.338765E-01  0.000000E+00  0.762476E+00  0.765559E-03  0.107243E-08  0.408406E-07 -0.109547E-03
  0.000000E+00  0.117403E+01 -0.322305E-01  0.000000E+00  0.761965E+00  0.509153E-02  0.103114E-07  0.175948E-05  0.268437E-02
  0.000000E+00  0.117428E+01 -0.139917E-01  0.000000E+00  0.762030E+00  0.310141E-01  0.790732E-07  0.466720E-05  0.201458E-01
  0.000000E+00  0.117543E+01  0.460156E-01  0.000000E+00  0.766507E+00  0.152260E+00  0.474154E-06  0.696611E-05  0.990865E-01
  0.000000E+00  0.118598E+01  0.157935E+00  0.000000E+00  0.774782E+00  0.321783E+00  0.901657E-06  0.181880E-04  0.202989E+00
  0.000000E+00  0.119563E+01  0.237032E+00  0.000000E+00  0.783722E+00  0.519251E+00  0.179230E-05  0.218244E-04  0.307040E+00
  0.000000E+00  0.120799E+01  0.249346E+00  0.000000E+00  0.792791E+00  0.553220E+00  0.126222E-05  0.181953E-04  0.330748E+00
  0.000000E+00  0.122059E+01  0.194565E+00  0.000000E+00  0.799089E+00  0.421730E+00  0.776095E-06  0.128185E-04  0.255631E+00
  0.000000E+00  0.122964E+01  0.711722E-01  0.000000E+00  0.801733E+00  0.199667E+00  0.194690E-06  0.178237E-05  0.118481E+00
  0.000000E+00  0.123133E+01 -0.291914E-01  0.000000E+00  0.801310E+00  0.183381E-01  0.164592E-07 -0.334114E-06  0.108973E-01
  0.000000E+00  0.123141E+01 -0.364416E-01  0.000000E+00  0.800736E+00  0.515056E-02  0.547757E-08  0.671911E-06  0.260867E-02
  0.000000E+00  0.123043E+01 -0.365048E-01  0.000000E+00  0.795079E+00  0.352078E-03  0.950399E-09 -0.423611E-06 -0.459104E-03
  0.000000E+00  0.122199E+01 -0.351429E-01  0.000000E+00  0.794450E+00  0.801506E-03  0.111945E-08  0.450478E-07 -0.120981E-03
  0.000000E+00  0.122134E+01 -0.333226E-01  0.000000E+00  0.793919E+00  0.535539E-02  0.108477E-07  0.174807E-05  0.282606E-02
  0.000000E+00  0.122162E+01 -0.139909E-01  0.000000E+00  0.794003E+00  0.326920E-01  0.839494E-07  0.461650E-05  0.212443E-01
  0.000000E+00  0.122275E+01  0.497670E-01  0.000000E+00  0.798131E+00  0.159579E+00  0.500686E-06  0.684196E-05  0.103829E+00
  0.000000E+00  0.122825E+01  0.164802E+00  0.000000E+00  0.806669E+00  0.333947E+00  0.942164E-06  0.177052E-04  0.210600E+00
  0.000000E+00  0.123714E+01  0.245070E+00  0.000000E+00  0.816127E+00  0.536350E+00  0.185459E-05  0.216162E-04  0.316976E+00
  0.000000E+00  0.124867E+01  0.257076E+00  0.000000E+00  0.826110E+00  0.570581E+00  0.130855E-05  0.178973E-04  0.340962E+00
  0.000000E+00  0.126876E+01  0.202433E+00  0.000000E+00  0.832565E+00  0.438184E+00  0.810859E-06  0.125659E-04  0.265520E+00
  0.000000E+00  0.127925E+01  0.750747E-01  0.000000E+00  0.835285E+00  0.208110E+00  0.205835E-06  0.176383E-05  0.123457E+00
  0.000000E+00  0.128125E+01 -0.592163E-01  0.000000E+00  0.834847E+00  0.193574E-01  0.174670E-07 -0.355671E-06  0.114498E-01
  0.000000E+00  0.128134E+01 -0.676826E-01  0.000000E+00  0.834249E+00  0.545404E-02  0.575688E-08  0.682399E-06  0.268517E-02
