  0.000000E+00 -0.626863E-05  0.266032E-05  0.000000E+00  0.000000E+00 -0.145794E-06
  0.000000E+00 -0.639892E-05  0.265754E-05  0.000000E+00  0.000000E+00  0.140425E-05
  0.000000E+00 -0.627012E-05  0.265458E-05  0.000000E+00  0.000000E+00  0.227861E-05
  0.000000E+00 -0.910264E-05  0.265171E-05  0.000000E+00  0.000000E+00  0.303437E-05
  0.000000E+00 -0.285093E-04  0.264875E-05  0.000000E+00  0.000000E+00  0.137536E-05
  0.130282E-03  0.166858E-03  0.156943E-04  0.251663E-03  0.542324E-09  0.190583E-04
  0.566527E-03  0.933076E-03  0.221286E-04  0.109073E-02  0.120548E-08  0.153889E-04
  0.452569E-03  0.550790E-03  0.263999E-05  0.715160E-03  0.628663E-09  0.131861E-04
  0.000000E+00 -0.123667E-03  0.263714E-05  0.000000E+00  0.000000E+00 -0.398699E-06
  0.000000E+00 -0.109017E-03  0.263420E-05  0.000000E+00  0.000000E+00 -0.496452E-06
  0.000000E+00 -0.104195E-03  0.263136E-05  0.000000E+00  0.000000E+00 -0.959931E-07
