  0.000000E+00  0.422097E-01 -0.105592E-05  0.575496E-05  0.392406E-02  0.000000E+00  0.000000E+00 -0.149390E-06
  0.000000E+00  0.421957E-01 -0.621080E-05  0.574895E-05  0.392061E-02  0.000000E+00  0.000000E+00  0.148993E-05
  0.000000E+00  0.421494E-01 -0.225594E-04  0.574254E-05  0.391540E-02  0.000000E+00  0.000000E+00  0.239829E-05
  0.000000E+00  0.420506E-01 -0.146767E-03  0.573634E-05  0.389910E-02  0.000000E+00  0.000000E+00  0.316093E-05
  0.000000E+00  0.417278E-01 -0.384928E-03  0.572994E-05  0.386254E-02  0.000000E+00  0.000000E+00  0.150007E-05
  0.666742E-04  0.418136E-01  0.987499E-02  0.978921E-05  0.429988E-02  0.170916E-01  0.440712E-07  0.189578E-04
  0.141635E-03  0.447894E-01  0.122383E-01  0.977829E-05  0.476671E-02  0.222769E-01  0.356497E-07  0.151298E-04
  0.109535E-03  0.496070E-01  0.929870E-02  0.571099E-05  0.508089E-02  0.174393E-01  0.230956E-07  0.129525E-04
  0.000000E+00  0.520318E-01  0.315862E-02  0.570482E-05  0.518344E-02  0.693954E-02  0.459927E-08 -0.489545E-06
  0.000000E+00  0.524729E-01 -0.493199E-03  0.569846E-05  0.518741E-02  0.490303E-03  0.493181E-09 -0.547060E-06
  0.000000E+00  0.524767E-01 -0.670055E-03  0.569231E-05  0.518515E-02  0.136874E-03  0.172001E-09 -0.113515E-06
  0.000000E+00  0.524337E-01 -0.616099E-03  0.565026E-05  0.514847E-02  0.470684E-05  0.615955E-11 -0.386084E-06
  0.000000E+00  0.520726E-01 -0.453668E-03  0.564396E-05  0.514431E-02  0.000000E+00  0.000000E+00 -0.174165E-06
  0.000000E+00  0.520299E-01 -0.399791E-03  0.563827E-05  0.514052E-02  0.000000E+00  0.000000E+00  0.520026E-06
  0.000000E+00  0.519906E-01 -0.368716E-03  0.563198E-05  0.513606E-02  0.000000E+00  0.000000E+00  0.178186E-05
  0.000000E+00  0.519325E-01 -0.417842E-03  0.562590E-05  0.512861E-02  0.000000E+00  0.000000E+00  0.349447E-05
  0.000000E+00  0.518175E-01  0.807972E-03  0.561963E-05  0.514724E-02  0.220530E-02  0.494121E-08  0.200961E-05
  0.125156E-03  0.540683E-01  0.145127E-01  0.960074E-05  0.544760E-02  0.268463E-01  0.685054E-07  0.290208E-04
  0.138908E-03  0.561911E-01  0.150868E-01  0.959003E-05  0.614931E-02  0.283557E-01  0.453504E-07  0.191304E-04
  0.134277E-03  0.589779E-01  0.110818E-01  0.957933E-05  0.658781E-02  0.211538E-01  0.277574E-07  0.148617E-04
  0.508214E-04  0.624839E-01  0.350208E-02  0.559499E-05  0.674093E-02  0.874252E-02  0.546099E-08 -0.211602E-06
  0.000000E+00  0.631406E-01 -0.918829E-03  0.558875E-05  0.674729E-02  0.594502E-03  0.575222E-09 -0.552314E-06
  0.000000E+00  0.631577E-01 -0.108593E-02  0.558272E-05  0.674480E-02  0.172631E-03  0.208126E-09 -0.108049E-06
  0.000000E+00  0.631090E-01 -0.108562E-02  0.554148E-05  0.669712E-02  0.112903E-04  0.378375E-10 -0.391630E-06
  0.000000E+00  0.626747E-01 -0.106934E-02  0.553530E-05  0.669172E-02  0.105763E-06  0.575791E-11 -0.169483E-06
  0.000000E+00  0.626233E-01 -0.100312E-02  0.552972E-05  0.668680E-02  0.000000E+00  0.000000E+00  0.531380E-06
  0.000000E+00  0.625760E-01 -0.917265E-03  0.552355E-05  0.668104E-02  0.000000E+00  0.000000E+00  0.180496E-05
  0.000000E+00  0.625060E-01 -0.857258E-03  0.551759E-05  0.667168E-02  0.000000E+00  0.000000E+00  0.351146E-05
  0.308798E-08  0.631467E-01  0.620741E-02  0.554037E-05  0.687639E-02  0.109755E-01  0.227927E-07  0.621368E-05
  0.136541E-03  0.680013E-01  0.187946E-01  0.945200E-05  0.735516E-02  0.348192E-01  0.892661E-07  0.405218E-04
  0.136605E-03  0.724163E-01  0.196668E-01  0.944236E-05  0.800572E-02  0.365884E-01  0.589459E-07  0.220194E-04
  0.136455E-03  0.763519E-01  0.147579E-01  0.943182E-05  0.852083E-02  0.276321E-01  0.365694E-07  0.167236E-04
  0.499795E-04  0.801530E-01  0.515555E-02  0.551347E-05  0.867132E-02  0.116701E-01  0.691986E-08  0.420943E-06
  0.000000E+00  0.807759E-01 -0.132774E-02  0.550732E-05  0.867510E-02  0.785114E-03  0.752093E-09 -0.549017E-06
  0.000000E+00  0.807703E-01 -0.154285E-02  0.550137E-05  0.867073E-02  0.224853E-03  0.263437E-09 -0.110085E-06
  0.000000E+00  0.807024E-01 -0.153443E-02  0.546074E-05  0.860941E-02  0.144351E-04  0.458313E-10 -0.403704E-06
  0.000000E+00  0.801470E-01 -0.148937E-02  0.545464E-05  0.860246E-02  0.138549E-06  0.780289E-11 -0.170208E-06
  0.000000E+00  0.800813E-01 -0.139657E-02  0.544915E-05  0.859614E-02  0.000000E+00  0.000000E+00  0.537290E-06
  0.000000E+00  0.800207E-01 -0.127648E-02  0.544307E-05  0.858873E-02  0.000000E+00  0.000000E+00  0.181454E-05
  0.000000E+00  0.799314E-01 -0.119173E-02  0.543719E-05  0.857675E-02  0.000000E+00  0.000000E+00  0.351243E-05
  0.000000E+00  0.803454E-01  0.784011E-02  0.543113E-05  0.871285E-02  0.141032E-01  0.293684E-07  0.629834E-05
  0.134250E-03  0.814213E-01  0.219800E-01  0.927460E-05  0.993147E-02  0.416531E-01  0.106835E-06  0.414902E-04
  0.134105E-03  0.863494E-01  0.231220E-01  0.926426E-05  0.107652E-01  0.434140E-01  0.706217E-07  0.233675E-04
  0.133956E-03  0.947067E-01  0.183479E-01  0.925392E-05  0.112901E-01  0.342664E-01  0.459351E-07  0.168720E-04
  0.490641E-04  0.986479E-01  0.636208E-02  0.540734E-05  0.114480E-01  0.142391E-01  0.839425E-08  0.574973E-06
  0.000000E+00  0.993064E-01 -0.164438E-02  0.540131E-05  0.114507E-01  0.958739E-03  0.886949E-09 -0.570021E-06
  0.000000E+00  0.992929E-01 -0.190092E-02  0.539548E-05  0.114445E-01  0.279435E-03  0.319458E-09 -0.115559E-06
  0.000000E+00  0.992084E-01 -0.189153E-02  0.535563E-05  0.113636E-01  0.176810E-04  0.535917E-10 -0.416811E-06
  0.000000E+00  0.985256E-01 -0.183369E-02  0.534965E-05  0.113544E-01  0.176228E-05  0.139348E-10 -0.169999E-06
  0.000000E+00  0.984446E-01 -0.171889E-02  0.534407E-05  0.113458E-01  0.000000E+00  0.000000E+00  0.569481E-06
  0.000000E+00  0.983676E-01 -0.156949E-02  0.533811E-05  0.113361E-01  0.000000E+00  0.000000E+00  0.188939E-05
  0.000000E+00  0.982579E-01 -0.146578E-02  0.533234E-05  0.113208E-01  0.000000E+00  0.000000E+00  0.351663E-05
  0.000000E+00  0.989129E-01  0.108124E-01  0.532640E-05  0.115019E-01  0.192725E-01  0.398657E-07  0.689178E-05
  0.131661E-03  0.100500E+00  0.270267E-01  0.909572E-05  0.129151E-01  0.512543E-01  0.131508E-06  0.416198E-04
  0.131519E-03  0.106272E+00  0.282907E-01  0.908557E-05  0.138748E-01  0.532720E-01  0.872711E-07  0.238056E-04
  0.131372E-03  0.115347E+00  0.222636E-01  0.907543E-05  0.143959E-01  0.418055E-01  0.561689E-07  0.175012E-04
  0.481177E-04  0.118792E+00  0.799742E-02  0.530305E-05  0.145029E-01  0.176691E-01  0.104884E-07  0.924212E-06
  0.000000E+00  0.119162E+00 -0.190048E-02  0.529713E-05  0.144976E-01  0.130238E-02  0.118065E-08 -0.429922E-06
  0.000000E+00  0.119093E+00 -0.242367E-02  0.529141E-05  0.144870E-01  0.327296E-03  0.366401E-09 -0.120655E-06
  0.000000E+00  0.118979E+00 -0.241423E-02  0.525233E-05  0.143845E-01  0.209800E-04  0.613619E-10 -0.428267E-06
  0.000000E+00  0.118160E+00 -0.235278E-02  0.524647E-05  0.143730E-01  0.347486E-04  0.404825E-10 -0.165717E-06
  0.000000E+00  0.118064E+00 -0.222517E-02  0.524118E-05  0.143624E-01  0.000000E+00  0.000000E+00  0.549416E-06
  0.000000E+00  0.117975E+00 -0.202618E-02  0.523534E-05  0.143502E-01  0.000000E+00  0.000000E+00  0.184016E-05
  0.000000E+00  0.117844E+00 -0.184766E-02  0.522968E-05  0.143313E-01  0.000000E+00  0.000000E+00  0.351133E-05
  0.000000E+00  0.117665E+00  0.130961E-01  0.522385E-05  0.150586E-01  0.234670E-01  0.491351E-07  0.693976E-05
  0.129126E-03  0.123031E+00  0.328552E-01  0.892060E-05  0.160574E-01  0.621571E-01  0.160227E-06  0.408347E-04
  0.128987E-03  0.128398E+00  0.341117E-01  0.891065E-05  0.178598E-01  0.646082E-01  0.105277E-06  0.245222E-04
  0.128843E-03  0.133901E+00  0.255743E-01  0.890071E-05  0.186885E-01  0.483386E-01  0.656851E-07  0.178498E-04
  0.471913E-04  0.140100E+00  0.932995E-02  0.520095E-05  0.189373E-01  0.208247E-01  0.123000E-07  0.983418E-06
  0.000000E+00  0.141190E+00 -0.227704E-02  0.519515E-05  0.189425E-01  0.156404E-02  0.139430E-08 -0.442768E-06
  0.000000E+00  0.141180E+00 -0.289017E-02  0.518954E-05  0.189321E-01  0.412961E-03  0.451888E-09 -0.980642E-07
  0.000000E+00  0.141062E+00 -0.288729E-02  0.515121E-05  0.187982E-01  0.257090E-04  0.725623E-10 -0.443910E-06
  0.000000E+00  0.140093E+00 -0.279961E-02  0.514546E-05  0.187835E-01  0.532216E-04  0.765992E-10 -0.176088E-06
  0.000000E+00  0.139981E+00 -0.266011E-02  0.514028E-05  0.187698E-01  0.000000E+00  0.000000E+00  0.608910E-06
  0.000000E+00  0.139875E+00 -0.242356E-02  0.513454E-05  0.187538E-01  0.000000E+00  0.000000E+00  0.200749E-05
  0.000000E+00  0.139720E+00 -0.221703E-02  0.512900E-05  0.187302E-01  0.000000E+00  0.000000E+00  0.375211E-05
  0.000000E+00  0.141338E+00  0.189988E-01  0.512328E-05  0.191783E-01  0.332486E-01  0.727959E-07  0.783455E-05
  0.122419E-03  0.143832E+00  0.380863E-01  0.874886E-05  0.212993E-01  0.723692E-01  0.186530E-06  0.411104E-04
  0.126503E-03  0.151199E+00  0.399897E-01  0.873910E-05  0.224899E-01  0.755123E-01  0.124751E-06  0.244645E-04
  0.126362E-03  0.160480E+00  0.308303E-01  0.872935E-05  0.234541E-01  0.581371E-01  0.794016E-07  0.182422E-04
  0.462828E-04  0.163937E+00  0.111081E-01  0.510082E-05  0.237965E-01  0.247405E-01  0.147268E-07  0.121929E-05
  0.000000E+00  0.165332E+00 -0.281907E-02  0.509513E-05  0.238000E-01  0.186838E-02  0.162955E-08 -0.448707E-06
  0.000000E+00  0.165310E+00 -0.356347E-02  0.508963E-05  0.237860E-01  0.494539E-03  0.530492E-09 -0.702052E-07
  0.000000E+00  0.165169E+00 -0.348120E-02  0.505204E-05  0.236178E-01  0.306738E-04  0.850274E-10 -0.460818E-06
  0.000000E+00  0.164034E+00 -0.336824E-02  0.504640E-05  0.235992E-01  0.662054E-04  0.101908E-09 -0.184682E-06
  0.000000E+00  0.163903E+00 -0.319813E-02  0.504131E-05  0.235820E-01  0.000000E+00  0.000000E+00  0.695783E-06
  0.000000E+00  0.163779E+00 -0.290894E-02  0.503569E-05  0.235621E-01  0.000000E+00  0.000000E+00  0.225016E-05
  0.000000E+00  0.163603E+00 -0.169472E-02  0.503025E-05  0.235473E-01  0.973419E-03  0.276104E-08  0.408814E-05
  0.000000E+00  0.164138E+00  0.224174E-01  0.502464E-05  0.247165E-01  0.394821E-01  0.870520E-07  0.970835E-05
  0.120062E-03  0.170093E+00  0.450813E-01  0.858042E-05  0.263696E-01  0.853062E-01  0.219637E-06  0.436558E-04
  0.124068E-03  0.177513E+00  0.469035E-01  0.857085E-05  0.283674E-01  0.885859E-01  0.146875E-06  0.258841E-04
  0.123929E-03  0.184761E+00  0.351610E-01  0.856129E-05  0.292138E-01  0.662611E-01  0.920062E-07  0.188968E-04
  0.453917E-04  0.188161E+00  0.128968E-01  0.500262E-05  0.300085E-01  0.283569E-01  0.170043E-07  0.120056E-05
  0.000000E+00  0.188127E+00 -0.296753E-02  0.499704E-05  0.300265E-01  0.211732E-02  0.183045E-08 -0.489382E-06
  0.000000E+00  0.188184E+00 -0.386007E-02  0.499164E-05  0.300122E-01  0.570932E-03  0.610526E-09 -0.683206E-07
  0.000000E+00  0.188043E+00 -0.386303E-02  0.495477E-05  0.298002E-01  0.349164E-04  0.950896E-10 -0.470978E-06
  0.000000E+00  0.186753E+00 -0.375975E-02  0.494924E-05  0.297771E-01  0.773426E-04  0.120861E-09 -0.188720E-06
  0.000000E+00  0.186673E+00 -0.307452E-02  0.494408E-05  0.297655E-01  0.682764E-03  0.123225E-08  0.104975E-05
  0.000000E+00  0.186773E+00 -0.248150E-02  0.493856E-05  0.297651E-01  0.126224E-02  0.288083E-08  0.244257E-05
  0.000000E+00  0.186702E+00 -0.162147E-02  0.493323E-05  0.297722E-01  0.172011E-02  0.527359E-08  0.414629E-05
  0.000000E+00  0.189843E+00  0.258694E-01  0.492773E-05  0.308231E-01  0.461170E-01  0.102382E-06  0.104732E-04
  0.121806E-03  0.194487E+00  0.507972E-01  0.841492E-05  0.333346E-01  0.973115E-01  0.251159E-06  0.435077E-04
  0.121675E-03  0.203014E+00  0.530823E-01  0.840554E-05  0.347040E-01  0.100558E+00  0.168547E-06  0.267366E-04
  0.121539E-03  0.208445E+00  0.393545E-01  0.839616E-05  0.369677E-01  0.745105E-01  0.104158E-06  0.195362E-04
  0.445162E-04  0.211491E+00  0.142807E-01  0.490613E-05  0.374231E-01  0.315718E-01  0.190682E-07  0.127752E-05
  0.000000E+00  0.213557E+00 -0.320976E-02  0.490065E-05  0.374313E-01  0.242201E-02  0.206620E-08 -0.500682E-06
  0.000000E+00  0.213579E+00 -0.426518E-02  0.489536E-05  0.374103E-01  0.631770E-03  0.681513E-09 -0.525110E-07
  0.000000E+00  0.213409E+00 -0.430242E-02  0.485920E-05  0.371459E-01  0.399219E-04  0.108862E-09 -0.484457E-06
  0.000000E+00  0.211944E+00 -0.419649E-02  0.485378E-05  0.371170E-01  0.919101E-04  0.139298E-09 -0.197319E-06
  0.000000E+00  0.211841E+00 -0.352077E-02  0.484889E-05  0.370985E-01  0.713449E-03  0.125096E-08  0.106519E-05
  0.000000E+00  0.212008E+00 -0.988022E-03  0.484348E-05  0.371348E-01  0.396840E-02  0.817998E-08  0.288411E-05
  0.000000E+00  0.213690E+00  0.706179E-02  0.483825E-05  0.373477E-01  0.160532E-01  0.421393E-07  0.485207E-05
  0.000000E+00  0.217301E+00  0.304135E-01  0.483286E-05  0.387084E-01  0.536387E-01  0.119262E-06  0.136071E-04
  0.115479E-03  0.222412E+00  0.578527E-01  0.825292E-05  0.413784E-01  0.110663E+00  0.285778E-06  0.453302E-04
  0.119332E-03  0.230938E+00  0.600812E-01  0.824371E-05  0.433230E-01  0.114292E+00  0.193091E-06  0.265701E-04
  0.119199E-03  0.237822E+00  0.448315E-01  0.823451E-05  0.453347E-01  0.849883E-01  0.120971E-06  0.194374E-04
  0.436592E-04  0.241768E+00  0.167293E-01  0.481167E-05  0.457991E-01  0.365543E-01  0.221307E-07  0.146575E-05
  0.000000E+00  0.243770E+00 -0.337693E-02  0.480631E-05  0.457973E-01  0.280056E-02  0.234264E-08 -0.513579E-06
  0.000000E+00  0.243751E+00 -0.460467E-02  0.480112E-05  0.457692E-01  0.766378E-03  0.798865E-09 -0.857452E-08
  0.000000E+00  0.243548E+00 -0.475795E-02  0.476565E-05  0.454457E-01  0.472186E-04  0.126663E-09 -0.494847E-06
  0.000000E+00  0.241875E+00 -0.466423E-02  0.476034E-05  0.454100E-01  0.109847E-03  0.161749E-09 -0.201106E-06
  0.000000E+00  0.241738E+00 -0.392351E-02  0.475554E-05  0.453844E-01  0.826796E-03  0.148299E-08  0.107365E-05
  0.000000E+00  0.241838E+00 -0.101851E-02  0.475023E-05  0.454037E-01  0.459588E-02  0.967422E-08  0.302536E-05
  0.000000E+00  0.242915E+00  0.134197E-01  0.474511E-05  0.461068E-01  0.269377E-01  0.703670E-07  0.527242E-05
  0.000000E+00  0.245237E+00  0.354962E-01  0.473981E-05  0.481190E-01  0.615080E-01  0.137171E-06  0.167036E-04
  0.117161E-03  0.251398E+00  0.673797E-01  0.809403E-05  0.508328E-01  0.124244E+00  0.322277E-06  0.474918E-04
  0.117035E-03  0.259489E+00  0.684357E-01  0.808500E-05  0.535002E-01  0.127861E+00  0.217604E-06  0.270614E-04
  0.116904E-03  0.267152E+00  0.510401E-01  0.807598E-05  0.551676E-01  0.943923E-01  0.136633E-06  0.193085E-04
  0.428186E-04  0.271980E+00  0.194790E-01  0.471904E-05  0.557474E-01  0.399541E-01  0.259048E-07  0.100849E-05
  0.000000E+00  0.272868E+00 -0.220673E-02  0.471377E-05  0.557487E-01  0.284736E-02  0.228894E-08 -0.716647E-06
  0.000000E+00  0.272893E+00 -0.339624E-02  0.470868E-05  0.557154E-01  0.858976E-03  0.896192E-09 -0.286023E-07
