  0.000000E+00  0.422095E-01 -0.169005E-05  0.575496E-05  0.392401E-02  0.000000E+00  0.000000E+00 -0.149440E-06
  0.000000E+00  0.421930E-01 -0.101320E-04  0.574895E-05  0.392024E-02  0.000000E+00  0.000000E+00  0.149009E-05
  0.000000E+00  0.421378E-01 -0.369201E-04  0.574254E-05  0.391382E-02  0.000000E+00  0.000000E+00  0.239802E-05
  0.000000E+00  0.420018E-01 -0.239047E-03  0.573634E-05  0.388995E-02  0.000000E+00  0.000000E+00  0.316110E-05
  0.000000E+00  0.415246E-01 -0.578221E-03  0.572994E-05  0.383704E-02  0.000000E+00  0.000000E+00  0.149966E-05
  0.666701E-04  0.417311E-01  0.160375E-01  0.978921E-05  0.465735E-02  0.268583E-01  0.674379E-07  0.189241E-04
  0.141635E-03  0.469395E-01  0.211759E-01  0.977829E-05  0.548922E-02  0.365678E-01  0.579198E-07  0.150572E-04
  0.109535E-03  0.561676E-01  0.180840E-01  0.571099E-05  0.612894E-02  0.315409E-01  0.404061E-07  0.128793E-04
  0.000000E+00  0.612564E-01  0.690640E-02  0.570482E-05  0.635106E-02  0.131839E-01  0.828793E-08 -0.512862E-06
  0.000000E+00  0.622381E-01 -0.261863E-03  0.569846E-05  0.636326E-02  0.952849E-03  0.840652E-09 -0.556594E-06
  0.000000E+00  0.622875E-01 -0.649301E-03  0.569231E-05  0.636236E-02  0.266097E-03  0.257773E-09 -0.117173E-06
  0.000000E+00  0.622461E-01 -0.666713E-03  0.565026E-05  0.631738E-02  0.907376E-05  0.819726E-11 -0.394657E-06
  0.000000E+00  0.618171E-01 -0.495297E-03  0.564396E-05  0.631228E-02  0.000000E+00  0.000000E+00 -0.175476E-06
  0.000000E+00  0.617664E-01 -0.436619E-03  0.563827E-05  0.630763E-02  0.000000E+00  0.000000E+00  0.519394E-06
  0.000000E+00  0.617197E-01 -0.403102E-03  0.563198E-05  0.630218E-02  0.000000E+00  0.000000E+00  0.178322E-05
  0.000000E+00  0.616508E-01 -0.459293E-03  0.562590E-05  0.629317E-02  0.000000E+00  0.000000E+00  0.349736E-05
  0.000000E+00  0.615271E-01  0.203509E-02  0.561963E-05  0.634201E-02  0.413332E-02  0.871001E-08  0.201177E-05
  0.125156E-03  0.652869E-01  0.294439E-01  0.960074E-05  0.744859E-02  0.513055E-01  0.127637E-06  0.291742E-04
  0.138908E-03  0.738336E-01  0.329935E-01  0.959003E-05  0.863036E-02  0.577948E-01  0.920932E-07  0.189207E-04
  0.138750E-03  0.828970E-01  0.271985E-01  0.957933E-05  0.985674E-02  0.478900E-01  0.622189E-07  0.147487E-04
  0.508214E-04  0.862938E-01  0.927903E-02  0.559499E-05  0.102562E-01  0.190981E-01  0.106208E-07 -0.238912E-06
  0.000000E+00  0.880388E-01 -0.828925E-03  0.558875E-05  0.102785E-01  0.135417E-02  0.113004E-08 -0.575116E-06
  0.000000E+00  0.881479E-01 -0.130445E-02  0.558272E-05  0.102783E-01  0.400755E-03  0.371239E-09 -0.115517E-06
  0.000000E+00  0.880999E-01 -0.141372E-02  0.554148E-05  0.102059E-01  0.255243E-04  0.515910E-10 -0.409899E-06
  0.000000E+00  0.874940E-01 -0.140131E-02  0.553530E-05  0.101976E-01  0.180114E-05  0.112659E-10 -0.170788E-06
  0.000000E+00  0.874222E-01 -0.131937E-02  0.552972E-05  0.101901E-01  0.000000E+00  0.000000E+00  0.526343E-06
  0.000000E+00  0.873562E-01 -0.120866E-02  0.552355E-05  0.101814E-01  0.000000E+00  0.000000E+00  0.180832E-05
  0.000000E+00  0.872586E-01 -0.113398E-02  0.551759E-05  0.101677E-01  0.000000E+00  0.000000E+00  0.351567E-05
  0.000000E+00  0.890288E-01  0.154414E-01  0.551143E-05  0.106927E-01  0.253946E-01  0.508529E-07  0.619716E-05
  0.131838E-03  0.978946E-01  0.448817E-01  0.941591E-05  0.126618E-01  0.786577E-01  0.197348E-06  0.402437E-04
  0.136234E-03  0.109348E+00  0.489968E-01  0.940540E-05  0.143008E-01  0.857258E-01  0.138146E-06  0.215838E-04
  0.136082E-03  0.119474E+00  0.398480E-01  0.939491E-05  0.164057E-01  0.697564E-01  0.915689E-07  0.164529E-04
  0.498429E-04  0.123708E+00  0.145440E-01  0.548728E-05  0.169784E-01  0.285867E-01  0.160111E-07  0.457847E-06
  0.000000E+00  0.126282E+00 -0.140545E-02  0.548116E-05  0.170085E-01  0.201703E-02  0.163368E-08 -0.596806E-06
  0.000000E+00  0.126431E+00 -0.210263E-02  0.547524E-05  0.170063E-01  0.590383E-03  0.523611E-09 -0.111991E-06
  0.000000E+00  0.126362E+00 -0.224428E-02  0.543479E-05  0.168863E-01  0.369400E-04  0.692721E-10 -0.437807E-06
  0.000000E+00  0.125498E+00 -0.214411E-02  0.542873E-05  0.168739E-01  0.753385E-04  0.730843E-10 -0.176251E-06
  0.000000E+00  0.125404E+00 -0.206871E-02  0.542326E-05  0.168616E-01  0.000000E+00  0.000000E+00  0.571036E-06
  0.000000E+00  0.125309E+00 -0.189259E-02  0.541721E-05  0.168472E-01  0.000000E+00  0.000000E+00  0.193168E-05
  0.000000E+00  0.125170E+00 -0.177064E-02  0.541136E-05  0.168259E-01  0.000000E+00  0.000000E+00  0.368128E-05
  0.000000E+00  0.128865E+00  0.265440E-01  0.540533E-05  0.176763E-01  0.436143E-01  0.901485E-07  0.705639E-05
  0.129297E-03  0.138964E+00  0.631208E-01  0.923463E-05  0.207702E-01  0.111088E+00  0.279890E-06  0.424060E-04
  0.133611E-03  0.153033E+00  0.681718E-01  0.922432E-05  0.228749E-01  0.119645E+00  0.195498E-06  0.238557E-04
  0.133462E-03  0.163776E+00  0.542178E-01  0.921403E-05  0.260487E-01  0.948947E-01  0.127191E-06  0.173383E-04
  0.488833E-04  0.169141E+00  0.202731E-01  0.538163E-05  0.267946E-01  0.391125E-01  0.219857E-07  0.690073E-06
  0.000000E+00  0.172603E+00 -0.167041E-02  0.537563E-05  0.268375E-01  0.315078E-02  0.251565E-08 -0.479101E-06
  0.000000E+00  0.172804E+00 -0.299238E-02  0.536983E-05  0.268320E-01  0.847039E-03  0.733205E-09 -0.766135E-07
  0.000000E+00  0.172711E+00 -0.325156E-02  0.533016E-05  0.266427E-01  0.523021E-04  0.937896E-10 -0.464132E-06
  0.000000E+00  0.171530E+00 -0.313653E-02  0.532421E-05  0.266230E-01  0.114042E-03  0.121785E-09 -0.185834E-06
  0.000000E+00  0.171459E+00 -0.284967E-02  0.531866E-05  0.266077E-01  0.228448E-03  0.222706E-09  0.759645E-06
  0.000000E+00  0.171327E+00 -0.273824E-02  0.531272E-05  0.265853E-01  0.000000E+00  0.000000E+00  0.234695E-05
  0.000000E+00  0.171161E+00 -0.583579E-03  0.530699E-05  0.266140E-01  0.202726E-02  0.556137E-08  0.411258E-05
  0.000000E+00  0.178314E+00  0.424410E-01  0.530107E-05  0.277856E-01  0.701922E-01  0.148634E-06  0.983823E-05
  0.126803E-03  0.184790E+00  0.830015E-01  0.905651E-05  0.327095E-01  0.146380E+00  0.364880E-06  0.418780E-04
  0.131034E-03  0.201705E+00  0.891983E-01  0.904641E-05  0.353645E-01  0.156688E+00  0.258947E-06  0.263037E-04
  0.130888E-03  0.215810E+00  0.708350E-01  0.903631E-05  0.394010E-01  0.123872E+00  0.169621E-06  0.193000E-04
  0.479405E-04  0.222589E+00  0.274711E-01  0.527783E-05  0.403349E-01  0.526240E-01  0.303733E-07  0.109439E-05
  0.000000E+00  0.226920E+00 -0.209937E-02  0.527194E-05  0.403812E-01  0.421485E-02  0.329487E-08 -0.503334E-06
  0.000000E+00  0.227147E+00 -0.389538E-02  0.526625E-05  0.403679E-01  0.110990E-02  0.958238E-09 -0.508158E-07
  0.000000E+00  0.227015E+00 -0.423319E-02  0.522735E-05  0.400831E-01  0.697825E-04  0.122474E-09 -0.490049E-06
  0.000000E+00  0.225462E+00 -0.410406E-02  0.522152E-05  0.400531E-01  0.162012E-03  0.168460E-09 -0.198370E-06
  0.000000E+00  0.225434E+00 -0.308072E-02  0.521626E-05  0.400430E-01  0.125538E-02  0.177224E-08  0.987716E-06
  0.000000E+00  0.225941E+00  0.113617E-02  0.521044E-05  0.401453E-01  0.692825E-02  0.129339E-07  0.295722E-05
  0.000000E+00  0.230298E+00  0.241498E-01  0.520482E-05  0.408104E-01  0.417314E-01  0.104006E-06  0.498995E-05
  0.000000E+00  0.234706E+00  0.569866E-01  0.519901E-05  0.442873E-01  0.943893E-01  0.201975E-06  0.140741E-04
  0.124362E-03  0.247714E+00  0.109725E+00  0.888215E-05  0.491985E-01  0.193694E+00  0.487679E-06  0.437128E-04
  0.128512E-03  0.263735E+00  0.116115E+00  0.887224E-05  0.545249E-01  0.204909E+00  0.341775E-06  0.270176E-04
  0.128368E-03  0.279460E+00  0.908028E-01  0.886234E-05  0.581321E-01  0.158874E+00  0.222780E-06  0.194599E-04
  0.470175E-04  0.290012E+00  0.362104E-01  0.517622E-05  0.594593E-01  0.691724E-01  0.402926E-07  0.119965E-05
  0.000000E+00  0.292235E+00 -0.238503E-02  0.517045E-05  0.595177E-01  0.555542E-02  0.424110E-08 -0.515624E-06
  0.000000E+00  0.292539E+00 -0.475584E-02  0.516486E-05  0.594950E-01  0.154282E-02  0.129614E-08  0.679686E-08
  0.000000E+00  0.292369E+00 -0.534825E-02  0.512671E-05  0.590750E-01  0.936804E-04  0.159635E-09 -0.511362E-06
  0.000000E+00  0.290367E+00 -0.519327E-02  0.512099E-05  0.590301E-01  0.224215E-03  0.229709E-09 -0.200857E-06
  0.000000E+00  0.290295E+00 -0.387308E-02  0.511583E-05  0.590072E-01  0.168403E-02  0.237871E-08  0.113190E-05
  0.000000E+00  0.290626E+00  0.166312E-02  0.511013E-05  0.591918E-01  0.927502E-02  0.179628E-07  0.312869E-05
  0.000000E+00  0.291312E+00  0.307516E-01  0.510461E-05  0.611200E-01  0.537116E-01  0.136373E-06  0.518968E-05
  0.000000E+00  0.296950E+00  0.735271E-01  0.509892E-05  0.651675E-01  0.121169E+00  0.261535E-06  0.164247E-04
  0.126174E-03  0.308033E+00  0.135236E+00  0.871115E-05  0.718343E-01  0.239032E+00  0.603116E-06  0.456711E-04
  0.126037E-03  0.324764E+00  0.141418E+00  0.870143E-05  0.780267E-01  0.250486E+00  0.424948E-06  0.270509E-04
  0.125897E-03  0.340519E+00  0.110108E+00  0.869172E-05  0.828203E-01  0.193143E+00  0.275704E-06  0.195842E-04
  0.461123E-04  0.351295E+00  0.444558E-01  0.507657E-05  0.842525E-01  0.847911E-01  0.508089E-07  0.142163E-05
  0.000000E+00  0.354557E+00 -0.270870E-02  0.507090E-05  0.843022E-01  0.685181E-02  0.518458E-08 -0.524005E-06
  0.000000E+00  0.354817E+00 -0.570451E-02  0.506543E-05  0.842567E-01  0.192605E-02  0.162494E-08  0.560395E-07
  0.000000E+00  0.354562E+00 -0.649840E-02  0.502801E-05  0.836613E-01  0.117514E-03  0.199294E-09 -0.522977E-06
  0.000000E+00  0.352126E+00 -0.629579E-02  0.502240E-05  0.835953E-01  0.289004E-03  0.292691E-09 -0.195410E-06
  0.000000E+00  0.351903E+00 -0.474987E-02  0.501734E-05  0.835427E-01  0.210884E-02  0.300981E-08  0.124836E-05
  0.000000E+00  0.351679E+00  0.206099E-02  0.501175E-05  0.839181E-01  0.115167E-01  0.224145E-07  0.339737E-05
  0.000000E+00  0.352595E+00  0.372470E-01  0.500634E-05  0.862435E-01  0.657741E-01  0.167403E-06  0.552524E-05
  0.000000E+00  0.357861E+00  0.890331E-01  0.500075E-05  0.912498E-01  0.147107E+00  0.322537E-06  0.183885E-04
  0.123744E-03  0.368755E+00  0.160387E+00  0.854344E-05  0.992779E-01  0.284339E+00  0.725768E-06  0.465917E-04
  0.123611E-03  0.385399E+00  0.166272E+00  0.853391E-05  0.106694E+00  0.295551E+00  0.510026E-06  0.271095E-04
  0.123473E-03  0.401193E+00  0.128931E+00  0.852439E-05  0.112329E+00  0.226825E+00  0.331314E-06  0.195716E-04
  0.452245E-04  0.412164E+00  0.526288E-01  0.497883E-05  0.114174E+00  0.100379E+00  0.614115E-07  0.156337E-05
  0.000000E+00  0.415015E+00 -0.310580E-02  0.497328E-05  0.114222E+00  0.822970E-02  0.618800E-08 -0.506089E-06
  0.000000E+00  0.415382E+00 -0.679368E-02  0.496791E-05  0.114164E+00  0.233733E-02  0.198103E-08  0.143700E-06
  0.000000E+00  0.415121E+00 -0.776455E-02  0.493121E-05  0.113357E+00  0.144698E-03  0.251239E-09 -0.515429E-06
  0.000000E+00  0.412277E+00 -0.741448E-02  0.492571E-05  0.113270E+00  0.360496E-03  0.363093E-09 -0.179138E-06
  0.000000E+00  0.412128E+00 -0.551916E-02  0.492057E-05  0.113211E+00  0.277579E-02  0.423386E-08  0.150330E-05
  0.000000E+00  0.412166E+00  0.236521E-02  0.491508E-05  0.113581E+00  0.139061E-01  0.273293E-07  0.390770E-05
  0.000000E+00  0.412847E+00  0.435507E-01  0.490977E-05  0.116341E+00  0.776807E-01  0.198208E-06  0.604414E-05
  0.000000E+00  0.417912E+00  0.104667E+00  0.490430E-05  0.122306E+00  0.173464E+00  0.386416E-06  0.198112E-04
  0.121358E-03  0.428619E+00  0.184361E+00  0.837865E-05  0.131564E+00  0.327717E+00  0.846925E-06  0.463131E-04
  0.121227E-03  0.444821E+00  0.189640E+00  0.836930E-05  0.140214E+00  0.338734E+00  0.595637E-06  0.268415E-04
  0.121091E-03  0.460382E+00  0.146436E+00  0.835997E-05  0.146681E+00  0.258387E+00  0.383967E-06  0.197244E-04
  0.443522E-04  0.471379E+00  0.600493E-01  0.488280E-05  0.148784E+00  0.114570E+00  0.722140E-07  0.155744E-05
  0.000000E+00  0.474193E+00 -0.331191E-02  0.487735E-05  0.148824E+00  0.956445E-02  0.720675E-08 -0.493789E-06
  0.000000E+00  0.474594E+00 -0.776237E-02  0.487209E-05  0.148740E+00  0.263423E-02  0.228001E-08  0.180735E-06
  0.000000E+00  0.474284E+00 -0.874486E-02  0.483610E-05  0.147690E+00  0.165187E-03  0.297613E-09 -0.515628E-06
  0.000000E+00  0.471035E+00 -0.850111E-02  0.483070E-05  0.147575E+00  0.425515E-03  0.429887E-09 -0.163729E-06
  0.000000E+00  0.470851E+00 -0.668180E-02  0.482584E-05  0.147492E+00  0.293751E-02  0.429215E-08  0.148650E-05
  0.000000E+00  0.470826E+00  0.277248E-02  0.482045E-05  0.147918E+00  0.161115E-01  0.320289E-07  0.403469E-05
  0.000000E+00  0.471438E+00  0.496823E-01  0.481525E-05  0.151090E+00  0.894410E-01  0.229936E-06  0.630210E-05
  0.000000E+00  0.476253E+00  0.119410E+00  0.480988E-05  0.157954E+00  0.198207E+00  0.450738E-06  0.203242E-04
  0.119021E-03  0.486480E+00  0.206650E+00  0.821734E-05  0.168446E+00  0.368343E+00  0.965052E-06  0.455650E-04
  0.118893E-03  0.502275E+00  0.212633E+00  0.820818E-05  0.178246E+00  0.381060E+00  0.681245E-06  0.264610E-04
  0.118760E-03  0.517690E+00  0.164633E+00  0.819902E-05  0.185519E+00  0.290848E+00  0.439315E-06  0.193665E-04
  0.434984E-04  0.528657E+00  0.680030E-01  0.478879E-05  0.187992E+00  0.130018E+00  0.838410E-07  0.163927E-05
  0.000000E+00  0.531311E+00 -0.334707E-02  0.478345E-05  0.188020E+00  0.108816E-01  0.823618E-08 -0.485516E-06
  0.000000E+00  0.531776E+00 -0.830234E-02  0.477829E-05  0.187913E+00  0.312317E-02  0.269369E-08  0.253933E-06
  0.000000E+00  0.531441E+00 -0.963328E-02  0.474299E-05  0.186585E+00  0.194275E-03  0.349584E-09 -0.509516E-06
  0.000000E+00  0.527802E+00 -0.936170E-02  0.473770E-05  0.186440E+00  0.485676E-03  0.496726E-09 -0.143991E-06
  0.000000E+00  0.527603E+00 -0.736420E-02  0.473293E-05  0.186333E+00  0.333911E-02  0.495770E-08  0.154351E-05
  0.000000E+00  0.527602E+00  0.338199E-02  0.472765E-05  0.186803E+00  0.184277E-01  0.371759E-07  0.420590E-05
  0.000000E+00  0.528143E+00  0.557241E-01  0.472255E-05  0.190382E+00  0.101167E+00  0.262309E-06  0.640286E-05
  0.264488E-08  0.532727E+00  0.133517E+00  0.485240E-05  0.198088E+00  0.222308E+00  0.514528E-06  0.212439E-04
  0.116877E-03  0.542539E+00  0.228053E+00  0.820358E-05  0.209668E+00  0.406544E+00  0.108489E-05  0.451325E-04
  0.117509E-03  0.557683E+00  0.234910E+00  0.822165E-05  0.220639E+00  0.421171E+00  0.766662E-06  0.262799E-04
  0.117846E-03  0.572905E+00  0.181597E+00  0.821341E-05  0.228612E+00  0.320902E+00  0.494842E-06  0.186917E-04
  0.431640E-04  0.583728E+00  0.755471E-01  0.482932E-05  0.231444E+00  0.143919E+00  0.956785E-07  0.161046E-05
  0.000000E+00  0.586170E+00 -0.309660E-02  0.482393E-05  0.231450E+00  0.120169E-01  0.909563E-08 -0.536999E-06
  0.000000E+00  0.586668E+00 -0.858421E-02  0.481872E-05  0.231313E+00  0.350977E-02  0.304455E-08  0.284888E-06
