  0.149106E-02
  0.149106E-02
  0.149106E-02
  0.149106E-02
  0.149106E-02
  0.149106E-02
  0.149106E-02
  0.149106E-02
  0.149106E-02
  0.149106E-02
  0.149106E-02
  0.149106E-02
  0.149106E-02
  0.149106E-02
  0.149106E-02
  0.149106E-02
  0.149106E-02
  0.149106E-02
  0.149105E-02
  0.149104E-02
  0.149104E-02
  0.149103E-02
  0.149102E-02
  0.149100E-02
  0.149099E-02
  0.149099E-02
  0.149099E-02
  0.149099E-02
  0.149099E-02
  0.149099E-02
  0.149069E-02
  0.149069E-02
  0.149068E-02
  0.149065E-02
  0.149065E-02
  0.149065E-02
  0.149063E-02
  0.149062E-02
  0.149062E-02
  0.149062E-02
  0.149062E-02
  0.149062E-02
  0.149061E-02
  0.149061E-02
  0.149061E-02
  0.149060E-02
  0.149060E-02
  0.149060E-02
  0.149059E-02
  0.149057E-02
  0.149056E-02
  0.149056E-02
  0.149056E-02
  0.149056E-02
  0.149056E-02
  0.149056E-02
  0.149056E-02
  0.149056E-02
  0.149056E-02
  0.148944E-02
  0.148944E-02
  0.148943E-02
  0.148942E-02
  0.148941E-02
  0.148940E-02
  0.148940E-02
  0.148939E-02
  0.148939E-02
  0.148939E-02
  0.148939E-02
  0.148939E-02
  0.148938E-02
  0.148937E-02
  0.148936E-02
  0.148932E-02
  0.148928E-02
  0.148927E-02
  0.148926E-02
  0.148924E-02
  0.148923E-02
  0.148922E-02
  0.148921E-02
  0.148919E-02
  0.148918E-02
  0.148918E-02
  0.148918E-02
  0.148918E-02
  0.148918E-02
  0.148915E-02
  0.148793E-02
  0.148791E-02
  0.148789E-02
  0.148788E-02
  0.148786E-02
  0.148786E-02
  0.148786E-02
  0.148786E-02
  0.148786E-02
  0.148783E-02
  0.148782E-02
  0.148777E-02
  0.148769E-02
  0.148752E-02
  0.148717E-02
  0.148703E-02
  0.148699E-02
  0.148695E-02
  0.148692E-02
  0.148684E-02
  0.148666E-02
  0.148616E-02
  0.148587E-02
  0.148568E-02
  0.148564E-02
  0.148555E-02
  0.148540E-02
  0.148518E-02
  0.148501E-02
  0.148465E-02
  0.148320E-02
  0.148279E-02
  0.148236E-02
  0.148203E-02
  0.148181E-02
  0.148174E-02
  0.148155E-02
  0.148111E-02
  0.148062E-02
  0.148046E-02
  0.148039E-02
  0.148016E-02
  0.147989E-02
  0.147959E-02
  0.147943E-02
  0.147917E-02
  0.147844E-02
  0.147745E-02
  0.147637E-02
  0.147554E-02
  0.147488E-02
  0.147453E-02
  0.147399E-02
  0.147332E-02
  0.147264E-02
  0.147215E-02
  0.147171E-02
  0.147140E-02
  0.147079E-02
  0.147014E-02
  0.146911E-02
  0.146687E-02
  0.146565E-02
  0.146433E-02
  0.146308E-02
  0.146147E-02
  0.145963E-02
  0.145878E-02
  0.145940E-02
  0.145973E-02
  0.146010E-02
  0.146091E-02
  0.146129E-02
  0.146208E-02
  0.146277E-02
  0.146348E-02
  0.146461E-02
  0.146601E-02
  0.146786E-02
  0.146977E-02
  0.147169E-02
  0.147385E-02
  0.147631E-02
  0.147918E-02
  0.148225E-02
  0.148421E-02
  0.148530E-02
  0.148615E-02
  0.148482E-02
  0.148350E-02
  0.148222E-02
  0.147981E-02
  0.148102E-02
  0.148275E-02
  0.148457E-02
  0.148659E-02
  0.148851E-02
  0.149095E-02
  0.149293E-02
  0.149576E-02
  0.149821E-02
  0.150124E-02
  0.150381E-02
  0.150641E-02
  0.150878E-02
  0.151074E-02
  0.151162E-02
  0.151025E-02
  0.150893E-02
  0.150765E-02
  0.150634E-02
  0.150501E-02
  0.150367E-02
  0.150232E-02
  0.150099E-02
  0.149972E-02
  0.149850E-02
  0.149740E-02
  0.149640E-02
  0.149564E-02
  0.149439E-02
  0.149306E-02
  0.149056E-02
  0.149118E-02
  0.149287E-02
  0.149412E-02
  0.149520E-02
  0.149628E-02
  0.149731E-02
  0.149827E-02
  0.149961E-02
  0.150067E-02
  0.150164E-02
  0.150239E-02
  0.150351E-02
  0.150579E-02
  0.150712E-02
  0.150775E-02
  0.150899E-02
  0.151043E-02
  0.151213E-02
  0.151312E-02
  0.151426E-02
  0.151563E-02
  0.151643E-02
  0.151571E-02
  0.151641E-02
  0.151613E-02
  0.151611E-02
  0.151713E-02
  0.151796E-02
  0.151886E-02
  0.151972E-02
  0.151928E-02
  0.152015E-02
  0.152001E-02
  0.152093E-02
  0.152151E-02
  0.152216E-02
  0.152260E-02
  0.152302E-02
  0.152306E-02
  0.152315E-02
  0.152373E-02
  0.152395E-02
  0.152359E-02
  0.152388E-02
  0.152437E-02
  0.152441E-02
  0.152429E-02
  0.152441E-02
  0.152430E-02
  0.152449E-02
  0.152485E-02
  0.152535E-02
  0.152540E-02
  0.152535E-02
  0.152554E-02
  0.152553E-02
  0.152534E-02
  0.152530E-02
  0.152530E-02
  0.152530E-02
  0.152410E-02
  0.152409E-02
  0.152409E-02
  0.152409E-02
  0.152415E-02
  0.152433E-02
  0.152427E-02
  0.152418E-02
  0.152417E-02
  0.152417E-02
  0.152417E-02
  0.152416E-02
  0.152416E-02
  0.152417E-02
  0.152424E-02
  0.152426E-02
  0.152426E-02
  0.152425E-02
  0.152425E-02
  0.152424E-02
  0.152424E-02
  0.152424E-02
  0.152424E-02
  0.152423E-02
  0.152423E-02
  0.152426E-02
  0.152425E-02
  0.152425E-02
  0.152425E-02
  0.152425E-02
  0.152425E-02
  0.152304E-02
  0.152304E-02
  0.152304E-02
  0.152304E-02
  0.152304E-02
  0.152304E-02
  0.152304E-02
  0.152304E-02
  0.152304E-02
  0.152304E-02
  0.152312E-02
  0.152302E-02
  0.152300E-02
  0.152300E-02
  0.152297E-02
  0.152296E-02
  0.152296E-02
  0.152295E-02
  0.152295E-02
  0.152293E-02
  0.152290E-02
  0.152289E-02
  0.152287E-02
  0.152287E-02
  0.152287E-02
  0.152287E-02
  0.152287E-02
  0.152287E-02
  0.152287E-02
  0.152287E-02
  0.152170E-02
  0.152170E-02
  0.152170E-02
  0.152170E-02
  0.152170E-02
  0.152170E-02
  0.152169E-02
  0.152169E-02
  0.152169E-02
  0.152169E-02
  0.152169E-02
  0.152169E-02
  0.152169E-02
  0.152169E-02
  0.152169E-02
  0.152169E-02
  0.152169E-02
  0.152169E-02
  0.152169E-02
  0.152168E-02
  0.152168E-02
  0.152168E-02
  0.152168E-02
  0.152168E-02
  0.152168E-02
  0.152168E-02
  0.152168E-02
  0.152168E-02
  0.152168E-02
  0.152167E-02
  0.152165E-02
