  0.372578E-01  0.362445E-01  0.132385E-01
  0.194361E-01  0.185947E-01  0.133106E-01
  0.879258E-02  0.635411E-02  0.385665E-02
  0.603570E-02  0.501559E-02  0.367390E-02
  0.537123E-02  0.471027E-02  0.414046E-02
  0.511918E-02  0.457915E-02  0.355682E-02
  0.482344E-02  0.407112E-02  0.270126E-02
  0.442718E-02  0.361589E-02  0.251893E-02
  0.408109E-02  0.340981E-02  0.276616E-02
  0.201527E-02  0.145087E-02  0.109643E-02
  0.146261E-02  0.127264E-02  0.103810E-02
  0.133389E-02  0.121453E-02  0.107878E-02
  0.130772E-02  0.134968E-02  0.166485E-02
  0.135487E-02  0.143730E-02  0.166608E-02
  0.139369E-02  0.147813E-02  0.153852E-02
  0.141065E-02  0.143723E-02  0.138175E-02
  0.721242E-03  0.562215E-03  0.441702E-03
  0.536398E-03  0.503746E-03  0.476034E-03
  0.507651E-03  0.496585E-03  0.468053E-03
  0.497477E-03  0.478730E-03  0.465452E-03
  0.495411E-03  0.504671E-03  0.528667E-03
  0.500725E-03  0.511164E-03  0.534978E-03
  0.501511E-03  0.490678E-03  0.444216E-03
  0.254283E-03  0.202844E-03  0.187028E-03
  0.194086E-03  0.196020E-03  0.242100E-03
  0.192296E-03  0.201997E-03  0.194798E-03
  0.191448E-03  0.191965E-03  0.192522E-03
  0.190766E-03  0.187766E-03  0.167471E-03
  0.186505E-03  0.175308E-03  0.149566E-03
  0.180015E-03  0.170468E-03  0.177742E-03
  0.922538E-04  0.744608E-04  0.681556E-04
  0.700679E-04  0.667031E-04  0.555160E-04
  0.653467E-04  0.616343E-04  0.538877E-04
  0.631713E-04  0.593827E-04  0.534745E-04
  0.614996E-04  0.578555E-04  0.529735E-04
  0.602899E-04  0.582371E-04  0.575728E-04
  0.597883E-04  0.586876E-04  0.594230E-04
  0.304529E-04  0.239399E-04  0.205883E-04
  0.231627E-04  0.238744E-04  0.283018E-04
  0.230523E-04  0.245054E-04  0.259544E-04
  0.232947E-04  0.240436E-04  0.248733E-04
  0.234492E-04  0.239253E-04  0.247145E-04
  0.235344E-04  0.235971E-04  0.233395E-04
  0.234402E-04  0.232463E-04  0.226995E-04
  0.119165E-04  0.932444E-05  0.755533E-05
  0.889494E-05  0.834430E-05  0.784511E-05
  0.839083E-05  0.812986E-05  0.803244E-05
  0.827753E-05  0.819597E-05  0.850379E-05
  0.830170E-05  0.840976E-05  0.902706E-05
  0.837923E-05  0.854170E-05  0.903035E-05
  0.843011E-05  0.849647E-05  0.880209E-05
  0.433138E-05  0.350083E-05  0.314192E-05
  0.328853E-05  0.320139E-05  0.331593E-05
  0.315960E-05  0.319781E-05  0.347510E-05
  0.316964E-05  0.324529E-05  0.355167E-05
  0.320472E-05  0.327083E-05  0.333859E-05
  0.321430E-05  0.322895E-05  0.329787E-05
  0.117548E-03  0.165199E-04  0.429324E-05
  0.199943E-03  0.589798E-04  0.219337E-04
  0.228202E-03  0.874798E-04  0.490654E-04
  0.249182E-03  0.113319E-03  0.772354E-04
  0.268922E-03  0.138221E-03  0.103310E-03
  0.288268E-03  0.161552E-03  0.128431E-03
  0.306193E-03  0.184247E-03  0.154233E-03
  0.324943E-03  0.210435E-03  0.193321E-03
  0.260635E-03  0.132448E-03  0.977243E-04
  0.261642E-03  0.150904E-03  0.127071E-03
  0.280412E-03  0.175799E-03  0.161626E-03
  0.303848E-03  0.203066E-03  0.193559E-03
  0.328907E-03  0.231665E-03  0.224512E-03
  0.354261E-03  0.256719E-03  0.243480E-03
  0.377053E-03  0.277342E-03  0.262325E-03
  0.279590E-03  0.153281E-03  0.115842E-03
  0.269936E-03  0.165643E-03  0.141168E-03
  0.284879E-03  0.185481E-03  0.165977E-03
  0.303611E-03  0.208642E-03  0.200692E-03
  0.325657E-03  0.235568E-03  0.227821E-03
  0.348570E-03  0.259986E-03  0.256432E-03
  0.371496E-03  0.283873E-03  0.278415E-03
  0.271853E-03  0.154874E-03  0.121035E-03
  0.262822E-03  0.168955E-03  0.153251E-03
  0.280544E-03  0.190337E-03  0.175678E-03
  0.300452E-03  0.208835E-03  0.189019E-03
  0.318930E-03  0.227275E-03  0.208497E-03
  0.337015E-03  0.246719E-03  0.235429E-03
  0.356131E-03  0.268805E-03  0.260827E-03
  0.258772E-03  0.146036E-03  0.111362E-03
  0.248482E-03  0.157519E-03  0.139823E-03
  0.263708E-03  0.176578E-03  0.160993E-03
  0.281998E-03  0.195470E-03  0.179102E-03
  0.300351E-03  0.215198E-03  0.204335E-03
  0.319707E-03  0.236778E-03  0.233495E-03
  0.340638E-03  0.263906E-03  0.314193E-03
  0.253697E-03  0.147786E-03  0.124124E-03
  0.245725E-03  0.155824E-03  0.145798E-03
  0.260989E-03  0.174128E-03  0.165992E-03
  0.278596E-03  0.188856E-03  0.172868E-03
  0.294782E-03  0.207077E-03  0.195991E-03
  0.311066E-03  0.223989E-03  0.226689E-03
  0.329104E-03  0.248843E-03  0.282625E-03
  0.246819E-03  0.147824E-03  0.135045E-03
  0.244985E-03  0.160981E-03  0.167286E-03
  0.264803E-03  0.181093E-03  0.189206E-03
  0.289394E-03  0.209966E-03  0.233805E-03
  0.319994E-03  0.246710E-03  0.302193E-03
